1.09204536431734
1.12630301830679
1.16651492286983
1.21298516572868
1.26606587775202
1.32616018371264
1.39372558413408
1.46927779794425
1.55339509973122
1.6467231897729
1.74998063973893
1.86396496207383
1.98955935661805
2.12774019405386
2.27958530233607
2.44628312943616
2.62914286356734
2.82960560062761
3.04925665798943
3.2898391440501
3.55326890424364
3.84165097659595
4.15729770350085
4.5027486613263
4.88079258586508
5.29449148967568
5.74720718718053
6.24263046518302
6.78481316043148
7.3782034322255
8.02768454705402
8.73861752416938
9.51688802609899
10.3689579167328
11.3019219521362
12.3235701160197
13.4424561632978
14.6679729918456
16.010435524947
17.4811718556091
19.0926234795194
20.8584555266444
22.7936779931057
24.9147790758375
27.2398718236047
29.7888554402387
32.5835927106135
35.6481051681134
39.0087877856255
42.6946451518475
46.7375512926369
51.1725355151597
56.0380968926231
61.3765502717709
67.2344069764786
73.6627937014084
80.7179134429015
88.4615527031522
96.9616396321936
106.292858243996
116.537324362723
127.785329527639
140.136159715689
153.698996435328
168.593908510288
184.952943714741
202.921330349652
222.658799873009
244.341042823078
268.16131151519
294.332184359902
323.087508156765
354.68453637767
389.406283282157
427.564115721801


0.313704025604922
0.371879677777002
0.432864802620648
0.497126448160962
0.565159103992491
0.637488876453877
0.71467794155265
0.797329314979271
0.886091981414327
0.98166642857791
1.08481063512989
1.19634656563448
1.3171672303919
1.44824437305487
1.59063685463733
1.74549980883609
1.9140946505864
2.09780002751744
2.29812381254324
2.51671624528868
2.75538434050468
3.01610769316142
3.30105582263511
3.61260721243693
3.95337021740266
4.32620602731366
4.73425389470961
5.18095885535592
5.67010219263513
6.20583492225839
6.79271460136131
7.43574579653533
8.14042457890798
8.9127874513626
9.75946515370433
10.6877418364178
11.7056201430517
12.8218927956486
14.0462213375331
15.3892227537357
16.8625647619766
18.4790706471331
20.2528346002385
22.1993486200922
24.3356421424508
26.680435679477
29.2543098817982
32.0798915782973
35.1820585060833
38.5881646163271
42.3282880324665
46.435503947521
50.946184978775
55.9003317531598
61.3419367776408
67.3193849583921
73.88589447356
81.1000020799509
89.0260973478566
97.7350107740322
107.304661225095
117.820768716937
129.377639145303
142.079028254346
156.039092869954
171.383438239952
188.250271221533
206.791670046223
227.174982483077
249.584365422689
274.222480228651
301.312359662172
331.099463793381
363.853944084508
399.873136782556



0.0463652789675991
0.0637896532296405
0.0843529163182048
0.108259725370985
0.13574766976704
0.167089499251048
0.202595681546328
0.242617313360761
0.287549411996463
0.337834618335682
0.393967345826563
0.456498414268565
0.526040211738164
0.603272432943471
0.688948447698738
0.783902359116074
0.889056817579698
1.00543166365592
1.13415348087007
1.27646614781916
1.43374248847081
1.60749712980971
1.79940068733292
2.0112954113698
2.24521244092998
2.50339082689268
2.78829850298703
3.10265540133095
3.44945892946964
3.83201204807785
4.2539542129644
4.71929547198813
5.23245403720005
5.7982976852648
6.42218937528403
7.11003751288901
7.86835133327313
8.70430192410208
9.62578946243193
10.6415172983932
11.7610735830078
12.9950212087155
14.354996909673
15.8538204553917
17.5056149666244
19.3259394875026
21.3319350637681
23.542485704605
25.9783957463354
28.6625852913649
31.620305566756
34.8793762353277
38.4704468999421
42.4272852706998
46.787094717265
51.5908642068536
56.8837539353015
62.7155202968186
69.1409842109884
76.2205472366018
84.0207603551182
92.6149508061655
102.083912908247
112.516669405082
124.011310547444
136.675918858417
150.629588343671
166.003547805551
182.942398908733
201.605480735806
222.168373773414
244.824557595162
269.78723796911
297.291360729117
327.595831526162



0.00460216582092809
0.00736737360762788
0.0111002210296241
0.0159721131788045
0.0221684249243321
0.0298906973591579
0.0393590030648904
0.0508145046384682
0.0645222328530041
0.0807741130160925
0.0998922705634809
0.122232649708443
0.14818898208487
0.178197145805459
0.212739959239852
0.252352458138806
0.297627709532406
0.349223221159312
0.407868011093122
0.474370408778032
0.549626665934209
0.634630463813693
0.730483412159522
0.838406645030311
0.95975362949602
1.09602431519408
1.24888076597582
1.42016442950023
1.6119152167885
1.82639258159798
2.06609880917863
2.33380474573735
2.63257822396056
2.96581546647563
3.3372757784203
3.75111987262368
4.21195220660111
4.72486774997228
5.29550364441314
5.93009626627513
6.63554425501327
7.41947812907735
8.29033717551096
9.25745437079292
10.3311501691512
11.5228360814357
12.8451290635151
14.3119778389728
15.9388023976867
17.742648040789
19.7423554847836
21.9587486946595
24.4148422891598
27.1360705526853
30.1505402994641
33.4893100686521
37.1866983862687
41.2806241137169
45.8129822159888
50.8300586284311
56.3829882825991
62.5282607729581
69.3282786110403
76.8519735267616
85.1754868428432
94.3829205732381
104.567166586161
115.830821933593
128.287199289168
142.061442363592
157.291757190012
174.130771301049
192.747034065632
213.326672829258
236.075221019476



0.000343620758318148
0.0006407365928301
0.00110125859602374
0.00177897084562185
0.0027371202210469
0.00404933183745941
0.00580066622187585
0.00808883041398455
0.01102555691216
0.0147381662713116
0.0193713312135103
0.0250890623564123
0.0320769381219307
0.0405446040841284
0.0507285699791802
0.0628953358623416
0.0773448824913176
0.094414564979458
0.114483453137265
0.137977166751878
0.165373259391865
0.197207210223729
0.234079089848227
0.276660973376051
0.32570518193794
0.382053442646071
0.446647066782365
0.520538256785077
0.604902664548762
0.701053336767032
0.810456197666678
0.934747235657288
1.07575157831495
1.23550465991768
1.41627570765357
1.62059379685435
1.8512767524144
2.11146320321053
2.40464812914128
2.734722276693
3.10601585907748
3.52334700138266
3.99207544028429
4.51816204217584
5.10823476364292
5.76966174463709
6.51063229817376
7.34024664161694
8.2686153044613
9.30696924686778
10.4677818330592
11.7649039251598
13.213713497363
14.8312813188164
16.6365544178009
18.6505592212942
20.8966264647188
23.4006401885168
26.1913133834989
29.3004931180501
32.7634982800281
36.6194933975463
40.9119023690938
45.6888663383333
51.0037503964359
56.9157042894831
63.4902828552035
70.8001325176668
78.925750836435
87.9563268449328
97.9906707286683
109.138242295643
121.520288687855
135.271102884111
150.539415761555



2.05557100194554e-05
4.46696895696009e-05
8.76350693867886e-05
0.000159038995499172
0.000271463155956975
0.000441011268543983
0.000687894919051389
0.00103708670625557
0.00151905049780423
0.00217055956909756
0.00303561449592957
0.00416647391356191
0.0056248126540671
0.00748302334597037
0.00982567932313169
0.0127511786632194
0.0163735913821607
0.0208247342742404
0.0262565006355725
0.032843475172023
0.0407858678053923
0.0503128038915339
0.0616860125931601
0.0752039598549968
0.0912064776615145
0.110079947075185
0.132263099019908
0.158253503960648
0.18861482961494
0.223984954701909
0.265085036586018
0.312729641613487
0.367838059086976
0.431446933311161
0.50472436311316
0.588985634859105
0.68571077343082
0.796564116092226
0.92341613688354
1.06836777437646
1.23377754357418
1.42229174374516
1.63687810837049
1.88086328152625
2.15797454732257
2.47238628592656
2.82877168170927
3.23236026672079
3.68900194663292
4.20523822716314
4.78838143755612
5.44660283478604
6.18903056865919
7.02585859496815
7.96846774239634
9.02956027023351
10.2233093995348
11.565525461632
13.0738404866152
14.7679132523695
16.6696570340802
18.8034925370819
21.1966287650476
23.8793748736215
26.8854863897737
30.2525495428346
34.0224078581567
38.2416356128619
42.9620632497784
48.2413603956638
54.143682738782
60.7403896951858
68.1108405396276
76.3432775035765
85.5358052579204



1.0255913272242e-06
2.59817040722958e-06
5.82022868887822e-06
1.18708956310473e-05
2.24886614771478e-05
4.013848705956e-05
6.82085631142777e-05
0.000111240365864786
0.00017519621355829
0.000267769143994477
0.000398740613950443
0.000580392276636364
0.000827978932668997
0.0011602706842844
0.00160017336352173
0.00217543746605892
0.00291946711786002
0.00387224204797799
0.00508136715571265
0.00660326606378597
0.0085045370634335
0.0108634921069365
0.013771902015512
0.0173369738760626
0.0216835897328912
0.026956839177732
0.0333248823451529
0.0409821841770521
0.050153165681291
0.061096323333007
0.0741088738166269
0.0895319880532699
0.107756685980807
0.129230471940343
0.154464799870671
0.1840434679297
0.218632053769594
0.258988514623956
0.305975090769602
0.360571666967544
0.423890764351006
0.497194355116366
0.58191271451244
0.679665549265117
0.792285668997785
0.921845497722271
1.07068675642515
1.24145368553997
1.43713021810404
1.66108156111661
1.91710069456617
2.20946035535975
2.54297113760574
2.92304641209075
3.35577484714029
3.84800140123921
4.40741775579177
5.04266326529141
5.76343762316258
6.58062657594315
7.5064421677854
8.55457916309568
9.740389479318
11.081076666418
12.5959126967592
14.3064795812653
16.2369386077636
18.4143303082669
20.8689086070047
23.6345129840477
26.7489829144814
30.2546193148827
34.1986982524346
38.6340427530015
43.6196591891545



4.38834749714736e-08
1.29625445665308e-07
3.31639053615289e-07
7.60387085208003e-07
1.59921823120101e-06
3.13686425787459e-06
5.80928790861251e-06
1.02525598113932e-05
1.73686673046097e-05
2.8406417141746e-05
4.50598913012478e-05
6.95872549522811e-05
0.000104953102940461
0.000154997971542585
0.000224639142001342
0.000320107428596986
0.00044922528474239
0.000621732284790035
0.000849664857009231
0.00114779806585034
0.00153415828185307
0.00203061674959399
0.00266357538382282
0.00346475760922051
0.00447211872994963
0.00573089219364192
0.00729479022558453
0.00922737968045898
0.0116036566221484
0.0145118461315989
0.0180554571972619
0.0223556263055843
0.0275537875686378
0.0338147119562586
0.0413299635011468
0.050321826284373
0.0610477626605517
0.0738054706300237
0.0889386166028073
0.106843329129672
0.127975549615029
0.152859347703374
0.182096322089385
0.216376222101476
0.256488941727884
0.303338055991801
0.357956089958922
0.421521733422737
0.495379239735064
0.581060275636001
0.680308520628616
0.795107349818158
0.927710973612831
1.08067945173272
1.25691804811575
1.45972144812358
1.69282342058296
1.96045257536265
2.26739494318539
2.61906418908984
3.02158036537944
3.48185821511949
4.00770615448639
4.60793719289458
5.29249319532926
6.07258405337218
6.96084351188406
7.97150359927236
9.12058983301394
10.4261396211874
11.908446558022
13.590333620044
15.4974586128052
17.658655600283
20.1063164741887



1.64357788981287e-09
5.66149392341966e-09
1.65452506106558e-08
4.26520833672794e-08
9.96062403336408e-08
2.14760141156126e-07
4.33537513798424e-07
8.28183280551095e-07
1.50954051219294e-06
2.64258400484798e-06
4.4665650645247e-06
7.32076526463726e-06
1.16770209098588e-05
1.81803676548214e-05
2.7699369512329e-05
4.13879420790064e-05
6.07607604084441e-05
8.77846622995178e-05
0.000124988823158804
0.000175596895024074
0.000243684776532357
0.000334368220152845
0.000454025096397913
0.000610557831549824
0.000813702326459648
0.00107539056128463
0.00141017510822056
0.00183572492662003
0.00237340311950367
0.00304893880661128
0.00389320693838607
0.00494313176186987
0.00624273178056238
0.00784432645633816
0.00980992761665725
0.0122128415928168
0.0151395115677547
0.0186916335029484
0.022988583397033
0.0281701985641212
0.0343999611748294
0.0418686385531252
0.0507984417517339
0.061447771832328
0.0741166321597092
0.08915279499968
0.106958821920363
0.128000050083686
0.152813670642761
0.182019041315878
0.216329392994629
0.256565110192339
0.3036687875058
0.358722289335156
0.422966068203543
0.497821028496561
0.584913257701203
0.686101986707748
0.803511184944532
0.939565245595805
1.097029271526
1.27905453448779
1.48922974949309
1.73163888373334
2.01092630610072
2.33237018024972
2.70196511243348
3.12651518637476
3.61373865265404
4.17238569116448
4.81237083391458
5.54492182389362
6.38274689611766
7.34022270186707
8.43360535932431



5.47312431303547e-11
2.19870272858371e-10
7.34041402173344e-10
2.12782534525815e-09
5.51838586275873e-09
1.30803865127599e-08
2.87877246335216e-08
5.95348199951227e-08
1.16775736690316e-07
2.18854423367515e-07
3.94240656000831e-07
6.85934814518652e-07
1.15736151949369e-06
1.90013865987861e-06
3.04418590271044e-06
4.77072704265214e-06
7.32884540825084e-06
1.10563731412152e-05
1.64060359505373e-05
2.39779376962647e-05
3.4559657038562e-05
4.91754449845345e-05
6.91462615490375e-05
9.61626765318221e-05
0.000132372988831506
0.000180489296689017
0.000243914684481721
0.00032689518775583
0.000434700765660486
0.000573840158518812
0.000752315248879401
0.000979921389390271
0.00126860112416463
0.00163285982769176
0.00209025303451785
0.00266195665386849
0.00337343287862908
0.00425520643300627
0.00534376788632371
0.00668262312390732
0.00832351074605749
0.0103278122033732
0.0127681829169389
0.0157304365265277
0.0193157188168148
0.0236430128555498
0.0288520225116512
0.0351064878870825
0.0425979933861439
0.0515503372625367
0.0622245406439615
0.0749245843659789
0.0900039735968304
0.107873243366191
0.129008532906304
0.153961373378506
0.183369852321795
0.217971339279482
0.258616980824061
0.306288199930932
0.362115464710351
0.427399625297913
0.503636155679126
0.59254267988974
0.696090209956189
0.816538576753106
0.956476595365214
1.11886757434139
1.3071008543025
1.52505014670322
1.77713953925445
2.06841814182347
2.40464446692277
2.79238177371679
3.23910575554007



1.64059590223061e-12
7.68690706156032e-12
2.93190617555655e-11
9.55764621162983e-11
2.7529480398369e-10
7.17452765509554e-10
1.72164429559941e-09
3.85500369555087e-09
8.13818331744809e-09
1.63309244377998e-08
3.13576845153476e-08
5.79260520868292e-08
1.03405714921926e-07
1.79054034918801e-07
3.01696387935068e-07
4.95995999130849e-07
7.97479795482729e-07
1.25652467261667e-06
1.94355352977466e-06
2.95574361096804e-06
4.42561241923605e-06
6.53192025594866e-06
9.51341501124292e-06
1.36860461798935e-05
1.94643934706132e-05
2.73881934129141e-05
3.8155008010879e-05
5.2660266133678e-05
7.204612483051e-05
9.77608485145293e-05
0.000131630693989063
0.000175946624295576
0.000233568560835166
0.000308050328530031
0.000403788961326926
0.000526202624613623
0.000681942087915774
0.000879141457805911
0.00112771477116327
0.00143970606849195
0.0018297017337349
0.00231531522105774
0.00291775581321312
0.00366249479610378
0.0045800444191761
0.00570686727421016
0.00708643630310866
0.00877046858038672
0.0108203593556143
0.0133088466384853
0.0163219409247528
0.0199611595629317
0.024346110825982
0.0296174790654199
0.0359404694846322
0.0435087791829356
0.0525491703153465
0.0633267316235142
0.0761509263768613
0.0913825380947615
0.109441640497768
0.130816735179961
0.156075219754225
0.185875370977495
0.220980051927659
0.262272380030572
0.310773624020447
0.36766363320421
0.4343041421885
0.512265339076762
0.603356135680359
0.709658635215386
0.833567357065112
0.977833850360458
1.14561740935915



4.47130560011001e-14
2.44356813790012e-13
1.06485828420543e-12
3.90396489597131e-12
1.2489783084925e-11
3.57907762225287e-11
9.36530401980784e-11
2.27070832801672e-10
5.15975012486452e-10
1.10876419685105e-09
2.26959955898547e-09
4.45184879124934e-09
8.40913147228412e-09
1.53593449438613e-08
2.72220233597536e-08
4.6955622358349e-08
7.90290856805755e-08
1.30071640200625e-07
2.09756535748445e-07
3.31988808520419e-07
5.16484582900083e-07
7.90850496025898e-07
1.19329718301668e-06
1.77615115324595e-06
2.6103656940842e-06
3.79127467021629e-06
5.44588441372756e-06
7.74205967293337e-06
1.0900031363369e-05
1.52067384357873e-05
2.10336156068309e-05
2.88585553601328e-05
3.92929092427059e-05
5.31145531787823e-05
7.13082278832202e-05
9.51145825825276e-05
0.000126089602839683
0.000166176396699705
0.000217791653763414
0.000283929486165321
0.0003682858167753
0.000475407007382784
0.000610867028550861
0.000781478175083708
0.000995541140110363
0.00126314119198052
0.00159649826892559
0.00201038003656653
0.00252258836535033
0.00315453130440822
0.00393189448413009
0.00488542800481496
0.00605186730034079
0.00747500924612381
0.00920696795752951
0.011309638352488
0.013856399691645
0.0169340960302304
0.0206453358963692
0.0251111596393585
0.0304741298686297
0.0369019083428056
0.0445913916961121
0.0537734886506234
0.064718633020021
0.0777431400472686
0.0932165286417511
0.111569949124373
0.133305875414663
0.159009242498517
0.18936023483245
0.225148959445843
0.267292269319918
0.316853038627027
0.375062232142185



1.11718219026966e-15
7.12148530281076e-15
3.54589399163065e-14
1.46209103666194e-13
5.1957611533929e-13
1.63724105897972e-12
4.67189196797712e-12
1.22665250610252e-11
3.00045498038417e-11
6.90495506511405e-11
1.50690579297408e-10
3.13891258896584e-10
6.27441371786867e-10
1.2089882004074e-09
2.25413097777903e-09
4.07995537671581e-09
7.18893867697425e-09
1.23611576541714e-08
2.07852854139134e-08
3.42420959883466e-08
5.53582562353446e-08
8.7953251293189e-08
1.37508573254743e-07
2.11796051820827e-07
3.21711713995805e-07
4.8237317266946e-07
7.14552666502035e-07
1.04653498078887e-06
1.51651012635752e-06
2.17563548958026e-06
3.09193194731838e-06
4.3552140461375e-06
6.0832967984481e-06
8.42977213690015e-06
1.15937079692145e-05
1.58316936829871e-05
2.14727397079085e-05
2.89366374818373e-05
3.87565023461956e-05
5.16063583503794e-05
6.83347839399884e-05
9.00058247978947e-05
0.000117948599021672
0.000153817275319786
0.000199663402690501
0.000258022916647149
0.000332020549961918
0.000425494843695461
0.000543147496779593
0.000690721420852437
0.000875212594241752
0.00110512164961085
0.00139075210055138
0.00174456323241588
0.00218158697369066
0.00271991955101171
0.00338130044176737
0.00419179310524937
0.00518258423309225
0.00639092085385594
0.00786120760233569
0.0096462898752263
0.0118089525020971
0.0144236680334783
0.017578633864736
0.0213781432643879
0.0259453420595407
0.0314254303636333
0.0379893774422062
0.0458382277477805
0.0552080874811616
0.0663758939415499
0.0796660846243175
0.0954582997535464
0.114196270968144



0
1.91603407928604e-16
1.09008671623058e-15
5.05546487279712e-15
1.99563167820722e-14
6.91531175166449e-14
2.15200838535913e-13
6.11908598130677e-13
1.6113015634521e-12
3.9713864327974e-12
9.24086952435739e-12
2.0442783297574e-11
4.3246515125891e-11
8.79150439783428e-11
1.72451626405243e-10
3.2756091016839e-10
6.04300113583717e-10
1.08564728753201e-09
1.90368160931078e-09
3.26468703229237e-09
5.48529457382519e-09
9.04381786421839e-09
1.46522694045932e-08
2.33562416253105e-08
3.66719821177533e-08
5.67726882591794e-08
8.67394149623015e-08
1.30896176287076e-07
1.9525400084536e-07
2.88095078665553e-07
4.20735958041648e-07
6.08518304105785e-07
8.72087357770535e-07
1.23903233631979e-06
1.74598006793294e-06
2.44125370650544e-06
3.38823308020593e-06
4.66958284759008e-06
6.39255005689274e-06
8.69557496329807e-06
1.17565092623173e-05
1.58027956488541e-05
2.11240334425029e-05
2.80874388235309e-05
3.7156807195957e-05
4.89157018762882e-05
6.40957306398181e-05
8.36109330399175e-05
0.00010859949077436
0.000140474195233954
0.00018098336595115
0.000232284216979817
0.000297031022197166
0.000378480843076161
0.000480620062766883
0.000608315528835349
0.000767494755771342
0.000965360391185163
0.00121064502227323
0.00151391340973652
0.0018879204055908
0.00234803416289046
0.00291273580635762
0.00360420853417704
0.00444903119806904
0.00547899380145046
0.00673205510994864
0.00825346573708584
0.0100970837102099
0.012326913705619
0.0150189059445714
0.0182630562514014
0.0221658550912489
0.02685314064157
0.0324734192377525



0
0
0
1.62340674277597e-16
7.11879005412836e-16
2.71282676811307e-15
9.20713303234498e-15
2.83530984116432e-14
8.03779111598154e-14
2.12185815985597e-13
5.26449526600107e-13
1.23692611015808e-12
2.76948663510859e-12
5.94023017744616e-12
1.22598345108657e-11
2.44393460595564e-11
4.72100618939559e-11
8.86230994616867e-11
1.6206797971332e-10
2.89350852505933e-10
5.05310497092718e-10
8.64634822937852e-10
1.45178592637769e-09
2.39526483528523e-09
3.88786897527646e-09
6.21514210860125e-09
9.79491993333489e-09
1.52317736785681e-08
2.33912963635857e-08
3.55006194932938e-08
5.32833614620366e-08
7.91394767454937e-08
1.16383297912859e-07
1.69556561434854e-07
2.44837527650441e-07
3.50572617342898e-07
4.97963497109961e-07
7.01950496408919e-07
9.82342919102089e-07
1.36525856243495e-06
1.88494897906437e-06
2.58610418721258e-06
3.52675120811413e-06
4.78188564390779e-06
6.44800527152483e-06
8.64875021901248e-06
1.15418967628276e-05
1.53280023675636e-05
2.02610597178612e-05
2.66615888373834e-05
3.49326808971279e-05
4.55796072467658e-05
5.92337251847715e-05
7.66815510633044e-05
9.8900035034164e-05
0.00012709926417252
0.000162774046597226
0.000207766094009015
0.000264338830107256
0.000335267214909854
0.00042394539849315
0.000534515511770806
0.000672021477788577
0.000842592397448933
0.00105366084333667
0.00131422230132984
0.00163514305139284
0.00202952499867001
0.00251313737930645
0.0031049269016345
0.00382761977604905
0.00470843127448025
0.00577990098682111
0.00708087485724006
0.00865765844544844



0
0
0
0
0
0
3.67734447863337e-16
1.2264784952841e-15
3.74334025579112e-15
1.05845343995944e-14
2.8002808855518e-14
6.98826596762595e-14
1.65611913090772e-13
3.74809784399386e-13
8.13943253123738e-13
1.70296270763789e-12
3.44478038791469e-12
6.75738104191436e-12
1.28885126553729e-11
2.39574842259169e-11
4.34892205189921e-11
7.7234515233256e-11
1.34410140816307e-10
2.29546663935829e-10
3.8520501517305e-10
6.3592082665193e-10
1.0338655456212e-09
1.65688446892297e-09
2.6197954981843e-09
4.09012271920323e-09
6.30981333691854e-09
9.62496657231928e-09
1.45262152547326e-08
2.17031773003286e-08
3.21173743798536e-08
4.70992466027201e-08
6.8476432806189e-08
9.87424058575847e-08
1.41276935333996e-07
2.00632797036188e-07
2.82906781055925e-07
3.96217512268476e-07
5.51318061837174e-07
7.62378001200707e-07
1.04797767541793e-06
1.43236734053343e-06
1.94705576305414e-06
2.63280732448701e-06
3.54214408915355e-06
4.74247024363832e-06
6.31996146551003e-06
8.38439190798564e-06
1.10751075120622e-05
1.4568397352005e-05
1.90865659407843e-05
2.49090703385339e-05
3.23861582354822e-05
4.19555289228725e-05
5.41626405539861e-05
6.96854070479203e-05
8.93641695592526e-05
0.00011423799429604
0.000145588544875241
0.000184993008297305
0.000234387824722368
0.000296145289163769
0.000373165465643157
0.000468986290132385
0.000587915247969336
0.000735186606183559
0.000917148874916971
0.00114148798056414
0.00141749257445516
0.00175636899565589
0.00217161467868302



0
0
0
0
0
0
0
0
1.63477107148551e-16
4.95127993708142e-16
1.39686055914407e-15
3.70270410643882e-15
9.28808359571992e-15
2.21809500874357e-14
5.06857140096114e-14
1.11307379015033e-13
2.35783876937419e-13
4.83346741064621e-13
9.61571521159113e-13
1.86104179492996e-12
3.51179879665521e-12
6.47354256834159e-12
1.16772747744028e-11
2.06441738801048e-11
3.58188235459581e-11
6.10695926148352e-11
1.0243044313617e-10
1.69187597450193e-10
2.75453732547776e-10
4.42424757266081e-10
7.01583654382177e-10
1.0992072402023e-09
1.70265116497013e-09
2.60904374001878e-09
3.95721980153913e-09
5.943983664458e-09
8.84611992289608e-09
1.30499904257702e-08
1.90910872793917e-08
2.77065821936916e-08
3.99047547866e-08
5.70562365627375e-08
8.101332163179e-08
1.14265228393257e-07
1.60139219017257e-07
2.23059980580514e-07
3.08882745207526e-07
4.25319398769227e-07
5.82481444785907e-07
7.93569326628874e-07
1.07574447475279e-06
1.45122878368346e-06
1.94868632927756e-06
2.6049543581944e-06
3.46720533024275e-06
4.5956395567799e-06
6.06682932876374e-06
7.97786104295601e-06
1.04514525104458e-05
1.36422593040676e-05
1.77446277692746e-05
2.30021044751051e-05
2.97190739272186e-05
3.82749700693442e-05
4.91415945265201e-05
6.29041781026459e-05
8.0286944546353e-05
0.000102184080317738
0.000129697184836167
0.000164180476900265
0.000207295269797848
0.000261075506048542
0.000328006469685887
0.00041111917753416
0.000514103400387122



0
0
0
0
0
0
0
0
0
0
0
1.84700025646371e-16
4.9042694464007e-16
1.23588818994191e-15
2.97182896995567e-15
6.85026550406123e-15
1.51967233704061e-14
3.25568184065963e-14
6.75590399180512e-14
1.36149250813451e-13
2.67081483235657e-13
5.11047756614904e-13
9.55571965989281e-13
1.74888318984487e-12
3.13756401616351e-12
5.52503191814729e-12
9.56111425949611e-12
1.62774633453392e-11
2.72897800875839e-11
4.50963670562092e-11
7.35141868547395e-11
1.18309359758884e-10
1.88100181299878e-10
2.95638920687307e-10
4.59615967540507e-10
7.07178977681992e-10
1.07742386983791e-09
1.62619803789909e-09
2.43266421114724e-09
3.6082125477144e-09
5.30848688827337e-09
7.74951864983756e-09
1.12292509585742e-08
1.61561014896408e-08
2.30866737074846e-08
3.27753055184406e-08
4.623886946937e-08
6.48411432388472e-08
9.04021941259527e-08
1.25339615979418e-07
1.72850181208377e-07
2.37142596078472e-07
3.23734660875629e-07
4.39831341459059e-07
5.94804179489577e-07
8.00797253786868e-07
1.07349073218551e-06
1.43306013325465e-06
1.90537800175689e-06
2.52351508943354e-06
3.32961067792097e-06
4.37719680300054e-06
5.73407933538878e-06
7.48590072933239e-06
9.74053545827617e-06
1.26335005321258e-05
1.63346009926991e-05
2.1056075040931e-05
2.70625567859108e-05
3.46832380757603e-05
4.43266862944516e-05
5.64988645182499e-05
7.1825006513057e-05
9.10761246314402e-05
0.000115201077134527



0
0
0
0
0
0
0
0
0
0
0
0
0
0
1.64621520365059e-16
3.98318473089095e-16
9.25424849325803e-16
2.07203418450131e-15
4.48512232005408e-15
9.4119838670261e-15
1.91947851120103e-14
3.81263739316879e-14
7.39009016758103e-14
1.40026137095926e-13
2.59764696105053e-13
4.7246835128422e-13
8.43604129023952e-13
1.4803993466977e-12
2.55593167193684e-12
4.34576300576287e-12
7.28300075408178e-12
1.20401505260652e-11
1.96495428133341e-11
3.16787904371367e-11
5.04840774448212e-11
7.95726300219729e-11
1.24117167065385e-10
1.91680358661173e-10
2.93227465981123e-10
4.44531833182821e-10
6.68112568927189e-10
9.9588888306145e-10
1.47279400855573e-09
2.16166703656569e-09
3.1498378063615e-09
4.55794379091065e-09
6.55167560010649e-09
9.35734780303728e-09
1.32824447336126e-08
1.87426096651969e-08
2.62969459876408e-08
3.66940000574888e-08
5.09314206962813e-08
7.03330684303338e-08
9.66483131351504e-08
1.32179453705554e-07
1.79944668391599e-07
2.43885720629323e-07
3.2913187611235e-07
4.42334220876787e-07
5.92087913318155e-07
7.89463982266586e-07
1.04867725027473e-06
1.38792299727158e-06
1.83042230060727e-06
2.40572485021253e-06
3.15132874749628e-06
4.11468971614152e-06
5.35570771171221e-06
6.94979762348521e-06
8.99167321740693e-06
1.16000003835423e-05
1.49231079623056e-05
1.91459829178354e-05
2.44988225653812e-05



0
0
0
0
0
0
0
0
0
0
0
0
0
0
0
0
0
1.24978997010536e-16
2.82205117239978e-16
6.16683128275127e-16
1.30753553089916e-15
2.69610419239922e-15
5.41751587171902e-15
1.06276948609685e-14
2.03876629028771e-14
3.83026774273194e-14
7.05678079766534e-14
1.2765229045524e-13
2.26974149429145e-13
3.97090425505388e-13
6.84179313921663e-13
1.16194923500667e-12
1.94661780513311e-12
3.21931665219863e-12
5.25927053711593e-12
8.49247017198587e-12
1.35624378488933e-11
2.14322444567143e-11
3.35303985744174e-11
5.19578822518334e-11
7.97798271040722e-11
1.21433588090289e-10
1.83295894406251e-10
2.74466118954147e-10
4.07841501681814e-10
6.0158464142421e-10
8.81115314786555e-10
1.28179967104677e-09
1.85256256853517e-09
2.66071635267505e-09
3.79838557354364e-09
5.39101676801627e-09
7.60860138146957e-09
1.06804154434628e-08
1.49143006786744e-08
2.07217892950731e-08
2.86507221697728e-08
3.94274439442353e-08
5.40111986249219e-08
7.36640199621057e-08
1.00040241640118e-07
1.35300778881569e-07
1.82258598640189e-07
2.44563352263283e-07
3.26935055153094e-07
4.3545903809042e-07
5.77957255217682e-07
7.64454522972828e-07
1.00776251271622e-06
1.32420948303132e-06
1.73455000147142e-06
2.26509649129872e-06
2.94912361010798e-06
3.82860753750684e-06
4.95637559031191e-06



0
0
0
0
0
0
0
0
0
0
0
0
0
0
0
0
0
0
0
0
0
1.812038164396e-16
3.77471988195038e-16
7.66687193580244e-16
1.52096600194269e-15
2.95166023965911e-15
5.6114093011926e-15
1.04638808494866e-14
1.91617665522785e-14
3.44955288472231e-14
6.11079960197896e-14
1.06617842212843e-13
1.83364762003094e-13
3.11089723406494e-13
5.21007342219924e-13
8.61930866981874e-13
1.40939605158912e-12
2.27912857858144e-12
3.64675102024553e-12
5.7763830562279e-12
9.06182328485265e-12
1.40854048846428e-11
2.17015111729139e-11
3.31542773294443e-11
5.02423935797186e-11
7.5548423436146e-11
1.12755992050898e-10
1.67086010626482e-10
2.45893325402162e-10
3.5947850126022e-10
5.22186738594679e-10
7.53888270713744e-10
1.08196336941172e-09
1.54395201481044e-09
2.19107550354601e-09
3.09289744116433e-09
4.34346799621689e-09
6.06939207679255e-09
8.44038427687692e-09
1.16830272521694e-08
1.60986432689909e-08
2.20864304009696e-08
3.01733166972048e-08
4.10523616187139e-08
5.56320012047534e-08
7.50990125454965e-08
1.00998789402953e-07
1.35337404776116e-07
1.80711024791098e-07
2.40469576126524e-07
3.18923210049841e-07
4.21602114795396e-07
5.55582682292364e-07
7.29896028561957e-07
9.56038511399645e-07



0
0
0
0
0
0
0
0
0
0
0
0
0
0
0
0
0
0
0
0
0
0
0
0
1.08116210307868e-16
2.16738851072911e-16
4.25191711745926e-16
8.17371067523798e-16
1.54160175527977e-15
2.85581010855314e-15
5.20158036844489e-15
9.32391378674502e-15
1.64624156268483e-14
2.86528223884366e-14
4.91971149166834e-14
8.3388542894419e-14
1.39618309949261e-13
2.31048376886877e-13
3.78116572185294e-13
6.12255085363175e-13
9.81363757527432e-13
1.55780183801037e-12
2.44996796530175e-12
3.818957081132e-12
5.90235304406512e-12
9.04798702306431e-12
1.37615297796496e-11
2.07731757525642e-11
3.11305285191566e-11
4.63272526007221e-11
6.84802978673614e-11
1.00572763007539e-10
1.46785040699093e-10
2.12944156612403e-10
3.07130655034316e-10
4.40494598913541e-10
6.28348000631634e-10
8.91621234441278e-10
1.25879689444114e-09
1.76846764106339e-09
2.47270667653684e-09
3.44149290563159e-09
4.76850042133774e-09
6.57864722726045e-09
9.03790541164665e-09
1.23660096650873e-08
1.68528696457221e-08
2.2879702281781e-08
3.09461624940682e-08
4.17050770231914e-08
5.60067906827798e-08
7.49556352187447e-08
9.99816496343217e-08
1.32931443522251e-07
1.76183033313685e-07



0
0
0
0
0
0
0
0
0
0
0
0
0
0
0
0
0
0
0
0
0
0
0
0
0
0
0
0
1.18450751763712e-16
2.25807544585354e-16
4.22891721265913e-16
7.78820849791824e-16
1.41174718003429e-15
2.52086691563816e-15
4.43763559474879e-15
7.70676903904518e-15
1.32129520965102e-14
2.23769903840425e-14
3.74564675677294e-14
6.20022595049338e-14
1.01545498732617e-13
1.64622502422454e-13
2.64291476523603e-13
4.20359491170043e-13
6.62628009571584e-13
1.03558912855762e-12
1.60517459988135e-12
2.46839145521867e-12
3.76699247538839e-12
5.7067541274328e-12
8.58450458946856e-12
1.28258064476702e-11
1.90372126251819e-11
2.80783575696056e-11
4.11609183057951e-11
5.9983809300608e-11
8.69170241961404e-11
1.25250513850701e-10
1.79529657106934e-10
2.56005571452078e-10
3.63237145574636e-10
5.12892783577498e-10
7.20814094824598e-10
1.00842197451986e-09
1.40456873487348e-09
1.9479694562474e-09
2.69038313624071e-09
3.70076151107444e-09
5.07064306800802e-09
6.9211447966523e-09
9.4119983818473e-09
1.27531954204247e-08
1.721995349217e-08
2.31718984436613e-08
3.10775865027995e-08



0
0
0
0
0
0
0
0
0
0
0
0
0
0
0
0
0
0
0
0
0
0
0
0
0
0
0
0
0
0
0
0
1.15869331714453e-16
2.12272570980445e-16
3.83123374446708e-16
6.81753207104902e-16
1.19690703343939e-15
2.07452179434836e-15
3.55189650800021e-15
6.01077020382286e-15
1.0058987041528e-14
1.66550068214355e-14
2.72960971687215e-14
4.43004257275299e-14
7.12265598351746e-14
1.13492580606395e-13
1.79283165268945e-13
2.80869331880878e-13
4.36515756732699e-13
6.73219581259679e-13
1.03061895010834e-12
1.56653779745309e-12
2.36480699081631e-12
3.54623575432718e-12
5.28392079181908e-12
7.8244990403026e-12
1.15175063364442e-11
1.68557408808266e-11
2.45305018309665e-11
3.55068496954792e-11
5.11257060392664e-11
7.32417896002586e-11
1.04409219531523e-10
1.48130288293202e-10
2.09187649584802e-10
2.94086274258414e-10
4.11639368695528e-10
5.73742489003609e-10
7.96392900506959e-10
1.1010275494979e-09
1.51627373524284e-09
2.08023281631786e-09
2.84345044772159e-09
3.87276864616247e-09
5.25630754828762e-09



0
0
0
0
0
0
0
0
0
0
0
0
0
0
0
0
0
0
0
0
0
0
0
0
0
0
0
0
0
0
0
0
0
0
0
0
1.03970301697908e-16
1.84431653804258e-16
3.23004074999915e-16
5.58830754744516e-16
9.55628317336978e-16
1.61605268074535e-15
2.70387865668821e-15
4.47794352384408e-15
7.34365908797755e-15
1.1930558382291e-14
1.9208137886841e-14
3.06576313469029e-14
4.85249180357677e-14
7.6190356897299e-14
1.18706070721472e-13
1.83571591031163e-13
2.81846835949168e-13
4.29739824003834e-13
6.5085890184881e-13
9.79390308162174e-13
1.46455782897338e-12
2.17685027641174e-12
3.21667519686288e-12
4.72632745330182e-12
6.90646711914298e-12
1.00387057249764e-11
1.45164332878244e-11
2.08867192318507e-11
2.99070376019226e-11
4.26217638689386e-11
6.04649473526092e-11
8.53978817366292e-11
1.200926053972e-10
1.68175826398491e-10
2.34552089587977e-10
3.25830543720571e-10
4.5088674919655e-10
6.21599997651995e-10
8.53818100145665e-10



0
0
0
0
0
0
0
0
0
0
0
0
0
0
0
0
0
0
0
0
0
0
0
0
0
0
0
0
0
0
0
0
0
0
0
0
0
0
0
0
0
1.50639018078704e-16
2.57310601839384e-16
4.34856514363399e-16
7.27432590590132e-16
1.20497230248005e-15
1.97727708271996e-15
3.2153121353425e-15
5.18315197031932e-15
8.28555742870613e-15
1.31383439242979e-14
2.06717677169868e-14
3.22814519266422e-14
5.00473556519234e-14
7.70495770286008e-14
1.17821205583849e-13
1.78994112134204e-13
2.70214965308554e-13
4.05437854494891e-13
6.04739271096589e-13
8.96854263681118e-13
1.3227038093832e-12
1.94027867629205e-12
2.83137189771912e-12
4.11082031447494e-12
5.93913824305426e-12
8.53971967813349e-12
1.22221707353624e-11
1.74138384710669e-11
2.47022605475622e-11
3.48921167924652e-11
4.90813749428779e-11
6.87627603582003e-11
9.59585338465514e-11
1.33398947413634e-10



0
0
0
0
0
0
0
0
0
0
0
0
0
0
0
0
0
0
0
0
0
0
0
0
0
0
0
0
0
0
0
0
0
0
0
0
0
0
0
0
0
0
0
0
0
1.17104436408143e-16
1.95858245302963e-16
3.24497994615156e-16
5.32770162440657e-16
8.671075454251e-16
1.39942854024096e-15
2.24029526812015e-15
3.55845727121786e-15
5.60969136041526e-15
8.77909327713687e-15
1.36427214093162e-14
2.10569246652865e-14
3.22870596771827e-14
4.91919586215373e-14
7.44869064049789e-14
1.12116636710265e-13
1.67781774355458e-13
2.49678315088748e-13
3.69531567219384e-13
5.44035355673035e-13
7.96846664331194e-13
1.16133847668221e-12
1.68438354921567e-12
2.43153464674795e-12
3.49408941474281e-12
4.99868963754755e-12
7.12031681876641e-12
1.00998238234712e-11
1.4267504952303e-11
2.00746788104502e-11



0
0
0
0
0
0
0
0
0
0
0
0
0
0
0
0
0
0
0
0
0
0
0
0
0
0
0
0
0
0
0
0
0
0
0
0
0
0
0
0
0
0
0
0
0
0
0
0
0
0
1.43650336346121e-16
2.33986323610029e-16
3.78041908826872e-16
6.06008068602484e-16
9.64101960081225e-16
1.52259684869409e-15
2.38764719954252e-15
3.7185997191095e-15
5.75319069490125e-15
8.84401985675771e-15
1.35110653578196e-14
2.05169039378522e-14
3.0973913848677e-14
4.64963186744824e-14
6.94148151895409e-14
1.03078166262412e-13
1.52275124317566e-13
2.23822165606894e-13
3.27378791216435e-13
4.76573938678743e-13
6.90556114508321e-13
9.96118504455348e-13
1.43060153505923e-12
2.04584302126598e-12
2.91353514570793e-12



0
0
0
0
0
0
0
0
0
0
0
0
0
0
0
0
0
0
0
0
0
0
0
0
0
0
0
0
0
0
0
0
0
0
0
0
0
0
0
0
0
0
0
0
0
0
0
0
0
0
0
0
0
0
1.02175636405846e-16
1.63995207761987e-16
2.61287766045248e-16
4.13347799101317e-16
6.49412133307955e-16
1.0135106719148e-15
1.57155650992226e-15
2.42165306530617e-15
3.70899923160762e-15
5.64733411473891e-15
8.54963849657622e-15
1.28718786734139e-14
1.9275044300463e-14
2.87127351372792e-14
4.25542784118042e-14
6.27570562558558e-14
9.21067186726367e-14
1.34550683625015e-13
1.95659349984174e-13
2.83261515801348e-13
4.0831657692167e-13



0
0
0
0
0
0
0
0
0
0
0
0
0
0
0
0
0
0
0
0
0
0
0
0
0
0
0
0
0
0
0
0
0
0
0
0
0
0
0
0
0
0
0
0
0
0
0
0
0
0
0
0
0
0
0
0
0
0
0
1.12235606414859e-16
1.76646485752014e-16
2.76221600964855e-16
4.29214294261254e-16
6.62882380949214e-16
1.01770721693116e-15
1.55348940168211e-15
2.35811309174261e-15
3.56008784146486e-15
5.34641404602483e-15
7.98791863501979e-15
1.18750295520506e-14
1.75680780915995e-14
2.586774030106e-14
3.79132890032609e-14
5.53191072562402e-14



0
0
0
0
0
0
0
0
0
0
0
0
0
0
0
0
0
0
0
0
0
0
0
0
0
0
0
0
0
0
0
0
0
0
0
0
0
0
0
0
0
0
0
0
0
0
0
0
0
0
0
0
0
0
0
0
0
0
0
0
0
0
0
0
1.17207270575209e-16
1.81401870940357e-16
2.79133283647489e-16
4.27105711941871e-16
6.49952105123097e-16
9.83818811702752e-16
1.4814931438295e-15
2.2197057921878e-15
3.30948620706086e-15
4.9107864103183e-15
7.25304931392878e-15



0
0
0
0
0
0
0
0
0
0
0
0
0
0
0
0
0
0
0
0
0
0
0
0
0
0
0
0
0
0
0
0
0
0
0
0
0
0
0
0
0
0
0
0
0
0
0
0
0
0
0
0
0
0
0
0
0
0
0
0
0
0
0
0
0
0
0
0
0
1.17368141397774e-16
1.79031048133527e-16
2.71669321304995e-16
4.1015409289954e-16
6.16177026159928e-16
9.2123740177435e-16



0
0
0
0
0
0
0
0
0
0
0
0
0
0
0
0
0
0
0
0
0
0
0
0
0
0
0
0
0
0
0
0
0
0
0
0
0
0
0
0
0
0
0
0
0
0
0
0
0
0
0
0
0
0
0
0
0
0
0
0
0
0
0
0
0
0
0
0
0
0
0
0
0
0
0
