    1  64.66  35.73 275.53
    2 328.92  15.23 228.00
    3  11.66  65.21 209.36
    4 283.93  59.75 270.88
    5 332.40  32.60 223.22
    6 300.87 164.30 303.96
    7  53.63 166.43 220.40
    8 325.35  35.35 232.81
    9 292.52 124.10  36.35
   10  19.33 113.58 215.27
   11  50.93 128.22 234.12
   12 280.07  96.89  73.22
   13  65.30  27.17 114.25
   14 294.95  32.38 270.16
   15  20.03  83.09 218.01
   16  84.33 135.44 259.94
   17  83.93  98.95 266.05
   18   6.62  65.21 217.75
   19  86.20 127.94  89.66
   20   1.78  85.90 219.86
   21 284.43  38.89 271.68
   22 303.09  36.85 267.96
   23 273.05  99.99  66.53
   24  12.72  74.40 227.07
   25  38.10  22.18 156.52
   26   0.76  75.88 348.66
   27 286.21  48.16 274.03
   28 312.66  33.56 248.47
   29 351.28  77.59 223.21
   30 356.80  64.91 227.85
   31 301.57  60.12  59.97
   32 333.56  30.72  15.39
   33 272.17  67.01 288.15
   34   8.97  99.91 209.44
   35 298.56  32.75 247.47
   36 331.55  26.34  27.90
   37  73.30 136.21 240.42
   38  47.89  51.39 147.95
   39 276.03  95.97 279.63
   40 339.05  33.47  24.07
   41   8.05  69.43 160.73
   42  48.32  37.71 216.16
   43 289.28 128.38  98.25
   44 311.84  22.74  45.27
   45   8.37  86.85 174.05
   46  68.59  22.41 288.93
   47 297.75  80.51  71.51
   48 288.38  44.25  64.30
   49 297.50  38.66 269.84
   50  61.91  46.59 199.64
    1   6.000114       78.00023       128.0003
    2   211.1385       59.71398       138.3768
    3   231.6844       88.12090       159.9890
    4   236.0002       83.00024       155.0002
    5   344.9609       54.65283       65.20826
    6   326.0007       1.414577       44.99329
    7   119.9633       23.18223       44.44264
    8   235.1642       32.88831       145.3136
    9   242.0001       89.00024       119.0002
   10   123.0000       89.00024       100.0002
   11   237.9381       59.00502       157.6790
   12   317.9632       23.18223       44.44266
   13   61.00015       84.00024       155.0002
   14   350.7115       9.055165       6.365119
   15   308.6331       16.90828       45.63196
   16   220.1008       81.54711       159.7710
   17   315.0000       73.00024       60.99975
   18   205.0002       74.00023       127.0003
   19   334.5869       33.42964       47.58641
   20   3.305263       12.04123       4.797751
   21   16.30823       24.94212       163.2028
   22   240.0001       53.00023       119.0003
   23   256.0002       72.00022       118.0003
   24   121.5099       67.62018       143.9139
   25   343.9372       22.08647       174.6750
   26   74.38293       61.60725       50.53088
   27   130.5765       20.99984       32.17022
   28   152.1429       83.05267       97.05220
   29   330.0541       17.96411       34.26469
   30   60.42278       26.24511       117.9219
   31   267.5573       38.77660       48.55676
   32   213.2667       75.75034       18.59175
   33   49.88558       64.74752       67.78011
   34   321.5131       66.76242       22.95466
   35   25.26816       17.02877       176.5843
   36   79.00015       89.00024       74.99976
   37   219.8132       83.11761       139.6504
   38   243.2871       3.605272       123.6642
   39   115.0001       89.00024       69.99977
   40   225.7408       83.22207       122.2526
   41   19.59027       86.80664       37.06696
   42   71.00014       68.00024       75.99983
   43   74.67762       24.64773       48.62723
   44   36.04900       15.62138       153.0916
   45   214.7496       85.76148       135.1576
   46   21.00014       76.00022       33.99975
   47   144.1340       27.82675       76.54836
   48   241.9123       25.88912       146.3540
   49   102.0001       77.00023       71.99978
   50   48.00014       81.00023       14.99976
    1 100.16 115.60  42.40
    2  21.44 105.12  16.54
    3  21.73  72.44   3.84
    4  20.94  73.12 358.66
    5  43.88 139.08  38.00
    6 104.17 106.31 199.63
    7  77.42  74.45 347.42
    8  32.25  22.22 344.02
    9  92.85  92.86 142.09
   10  83.91 124.34  34.74
   11  88.60 127.14  65.45
   12  22.43 113.54 346.87
   13  17.95 137.58   9.45
   14  15.92 109.29  16.38
   15  83.90 115.75  43.54
   16  45.77 143.86 105.67
   17  93.82 126.26  86.30
   18  77.10 147.48  46.27
   19  29.31 143.32   9.24
   20  93.68 105.08 119.02
   21  30.60 147.22  16.44
   22 132.09 133.25 151.15
   23 125.12 134.64 144.88
   24  32.78  69.52 358.92
   25   8.15  62.84  21.48
   26  69.77  24.61   7.07
   27 115.14  82.45 144.30
   28  24.03  66.93  55.09
   29 157.18 167.01 155.71
   30  93.41 106.81  47.73
   31  13.09 131.18  87.54
   32  89.84 116.16   6.68
   33  96.41  59.04 325.60
   34  11.20  79.20  17.88
   35   4.17  70.28   9.62
   36  84.89 125.96 109.11
   37 153.89  31.31 222.26
   38  12.00  89.02  17.79
   39 163.19 108.10 170.48
   40 170.00  90.98 187.83
   41 126.92  41.51 204.90
   42 141.31  66.36 271.88
   43  27.31 137.66  43.89
   44  23.24 146.96  37.22
   45  16.53 162.45  25.84
   46  24.97 139.24  29.43
   47  37.20 139.74  33.08
   48 136.22 135.65 141.01
   49   9.31  75.19  17.60
   50  14.61  73.52   5.77
