  309.3   21.7   98.4
  297.2   31.2  101.3
   58.9   13.0   56.8
  285.0   31.1   17.7
  290.4   31.3   13.5
  223.9   37.0    7.5
   18.7    9.6   70.8
    8.1   15.2   80.9
  304.8   45.2   91.8
  326.3   19.3    3.4
  101.0   11.9  113.3
   44.9   35.3   25.4
   70.4   49.0   96.0
  257.5   11.7   43.4
  308.1   48.9   84.8
   85.4   21.5   36.3
  328.5   19.8   24.1
    5.6   62.6   90.8
   37.0   27.0   15.9
  305.5   63.2   88.2
  105.6   42.5   42.4
   30.2   39.1    5.3
  316.7   43.2   96.0
   62.6   53.2   49.1
  303.7   47.2   95.1
   84.1    7.4   18.0
  345.2   10.6    8.5
  259.6   15.0   38.8
  331.2   29.9   78.4
  243.7   21.2   95.4
  181.8   33.7   28.0
  302.0   30.6  104.7
  322.9   12.4   79.7
  288.1   19.2  113.7
  333.7   31.6   92.3
  293.3   24.5  117.4
  291.6   54.4  118.8
  147.9   11.1  101.9
  293.9   23.8   60.5
  317.2   29.5  102.5
  332.5   41.6   74.6
   81.3   18.5   90.3
  120.3   26.1    3.9
  336.6   14.4   78.1
  114.6   16.2    0.5
  308.3   77.8   87.2
  143.5   50.9  107.0
  140.7   36.8  105.6
  276.5   35.7   12.7
  109.3   30.4   82.0
  306.6   39.3   93.2
  324.4   54.4   82.9
   30.4    9.1   74.7
  295.5   18.9   92.4
  272.3   18.7    9.6
  320.7   18.3   87.1
  334.2   47.7   74.0
  346.7   28.7   51.9
  197.9   12.6   24.1
  108.0   33.8   10.5
  310.6   66.6   82.0
   97.9   56.8   48.8
  208.9   42.3    8.5
   55.9    9.3   83.5
  325.2   14.6   78.9
   37.6   28.3   68.8
  307.3   86.6   65.1
  332.4   43.8   75.6
  139.8   44.6   89.9
  322.4   46.0   81.8
  293.3   36.1   91.9
  300.5   64.2  107.3
  298.1   53.4  107.3
   23.3   18.4   19.5
  320.3   21.1   66.8
  254.9   14.3   35.4
  343.9   14.3   66.7
  155.0    8.0    5.4
  120.0   42.9  117.6
  244.6   21.1  100.8
  269.9   31.6   77.3
  331.7   65.4   73.5
   12.9   16.9   91.1
  356.7   21.6   49.4
  304.1   22.9   89.6
  331.0   10.8   89.9
  135.3   35.7   86.8
   68.8   28.8   70.8
  121.6   33.2   97.9
  128.4   52.5   92.9
  116.5   10.3   22.5
   82.9   45.0   32.8
   13.5   28.2   24.2
   30.7   62.3   15.2
    4.4   18.1   95.5
  355.9   24.5  108.2
  309.4   41.7   85.4
  258.2   18.2   82.7
    7.7   11.0   90.4
   16.8   22.6   23.1
  293.0   55.1  103.0
  263.7   14.2   25.0
  131.7   89.5   21.2
   35.4   34.5   29.7
   35.2   28.5   65.0
  312.0   64.6   84.4
  302.2   23.5  113.8
  299.2   37.1   97.3
  120.0   51.6  102.0
  310.1   43.1   96.4
  104.6   44.3   51.8
  314.4   42.9   96.3
  305.3   24.1    0.8
  278.6   24.1   61.4
  317.0   48.7  101.7
  341.4   11.5   40.4
  119.9   23.7  117.5
  337.2   77.6   76.8
   15.1    8.7   78.4
   60.1   20.8   38.2
  171.7   19.0   68.0
  326.6   50.5   91.0
  323.9   25.1   89.7
    1.4    4.4   94.8
  297.1   50.5    3.5
  312.0   47.2   90.3
   32.6   25.8   69.7
  297.3   38.1   89.6
  116.1   20.7   47.7
  306.4   33.5   98.9
  315.2   32.2  109.7
   18.3   13.7   19.1
   66.7   15.7   42.8
   78.5   18.1   31.0
  353.1   15.6    1.3
   91.0   16.7   25.7
  265.6   65.3   38.3
  327.2   33.1  114.7
  305.6   42.3   84.5
  300.2   23.4   93.0
   74.5   23.8   43.6
  337.5   49.3   59.5
   38.4   52.6   73.0
   28.9   29.9   20.4
   97.7   45.9   84.8
  331.1   26.5   14.6
   98.8   62.4   90.4
  343.2   12.9   15.6
  300.9   22.2   30.6
  292.3   34.5   86.4
   27.9   21.3   25.9
  299.8   42.9   90.7
   36.5    6.3   96.7
  338.4   34.2   44.5
  296.9   38.7   87.7
  303.3   25.3  105.2
   17.7   31.1   22.4
  307.3   83.7   55.4
  310.4   48.4   99.1
  310.9   21.6   85.2
  345.4   14.6    1.7
  116.3   68.8   95.1
  313.4   38.2   80.2
  299.6   24.6  104.8
  307.4   39.2   89.9
  305.8   67.9   93.6
  310.5   29.7  111.3
  103.6   20.2   10.0
  115.4   52.8  106.6
  315.2   51.8   81.5
  316.8   61.3   77.4
   58.4   16.0   76.6
   55.9   37.6   97.2
  312.8   78.5    0.6
   50.9   66.8  111.5
   15.2   10.5   95.8
  342.4   24.9   53.6
  125.5   26.5   84.9
  342.6   13.5   30.6
  101.6   35.5    4.8
  327.3   43.2   54.9
   92.0   21.9    7.9
   50.3   12.1  113.0
  292.9   42.2   90.7
  245.4   24.2   64.4
  133.6   72.6   56.5
  282.8   41.6  119.2
  294.5   80.6   82.1
  295.2   37.3   90.7
  267.4   34.9    4.7
  304.9   53.4   89.1
   89.9   35.2  102.2
  323.0   32.1  103.4
  105.9   46.6  110.1
  285.7   22.8   99.6
  295.3   54.0  111.5
  279.3   53.6  105.0
  278.7   77.8   59.0
  127.4   46.4    8.8
  332.4   31.6   91.7
  316.6   13.3   80.1
   27.3   47.5  118.2
    6.0   15.7   70.8
   35.3   31.8   52.9
   41.0   42.8   64.1
  283.8   28.2   99.6
  165.1    8.3   52.1
  325.3   17.8   65.4
  113.0   49.8  113.9
  134.3   73.6   47.4
   88.9   45.9   29.5
   42.3   49.8   58.6
  107.7   73.1   78.6
  357.4   26.4   84.8
  276.2   35.0  102.0
  122.2   60.0   59.7
  278.9   11.3   32.1
  252.5   31.6   70.1
  242.7   21.0   87.3
  282.5   50.3   91.7
  352.6   31.5   27.4
   27.6   20.7   65.9
   57.2   25.5   30.9
  309.1   64.1   74.2
  321.5   32.2   70.4
  271.1   36.6  113.9
  321.6   30.0   68.0
   51.2   34.3   41.1
  279.2   53.9  100.6
  320.0   33.5   42.7
   20.1    6.7   97.8
  287.7   40.9   91.7
  300.6   47.1   99.4
  258.5   60.0   58.9
  227.4    5.1   81.5
   99.8   52.5   85.1
  283.6   24.1   94.0
  279.6   58.8  114.4
  109.1   39.1    1.8
  118.0   43.0   92.6
  306.4   48.9   78.8
  283.9   37.3   87.5
  216.4   44.1   60.9
  168.2   31.9   88.7
  291.4   26.0   87.2
   13.8   48.6   25.5
    9.8   33.1   72.3
  292.4   28.0  102.2
   20.8   27.6   65.0
  315.7    8.8   45.1
   18.6   23.2   69.5
  124.6   59.6    4.2
  300.0   20.4   85.0
   19.9   22.2   68.5
   73.1   23.5    7.7
  235.3   27.6   72.4
  315.4   57.6   87.6
  330.9   32.8   56.5
  273.0   63.8   39.3
  278.5   43.2  115.3
   82.6   24.3   41.2
   42.6   10.0   12.7
  223.8   25.4   67.0
   80.5   11.8    2.4
  122.7   63.1  114.4
  341.6   49.2   80.1
  309.6   38.3  118.1
  302.7   54.5  101.6
  303.2   60.3   87.7
  310.2   64.3   97.8
  156.5   43.0   51.9
   16.2    2.4   83.4
  309.0   14.3  100.6
   29.5   30.1   99.1
  301.0   39.9   94.8
  297.4   25.7   53.2
  320.1   14.9   89.1
  117.2   42.1   98.9
  296.7   35.8  101.8
  291.1   12.4   39.7
  326.9   13.3   72.0
  293.7   57.3   86.4
  264.6   27.4   31.4
  348.8   21.3  113.0
  289.9   63.3    8.2
  133.8   43.0   44.2
   91.5   16.1   28.6
  178.4   11.3   55.2
  312.8   57.0   96.2
  119.5   53.6  107.2
  329.9   41.4   65.4
    0.5    7.4   95.1
   84.1   12.0    3.5
   39.4    5.0   88.7
   56.8   22.1   38.3
  309.3   55.6   96.8
  151.3   44.0   36.2
  273.3   16.0   18.7
   48.9   27.7  117.8
  134.0   60.9   68.2
   52.3   48.6  109.5
   67.5   23.1   28.9
   26.8   13.3    6.8
   73.9   47.4   36.6
  339.8   32.1   94.4
  310.0   39.3   91.4
   94.7   21.6   35.8
  344.5    4.2   55.8
   65.3   51.8   31.5
  322.1   60.4   85.8
  294.5   33.6  106.7
  109.1   48.1  111.6
  309.3   22.4   92.0
  134.6   34.5  110.1
  289.2   29.9    8.7
  318.3   31.3   86.9
  309.4   67.2   81.0
   11.6   11.3   82.3
    3.1   40.2   11.5
  349.9   18.5   61.3
  300.5   46.9   96.9
  121.0   47.7   32.5
   69.7   23.6   51.3
  339.8   16.0   34.5
  289.3   55.3  117.4
  322.2   35.0   63.3
  139.8   40.1   84.5
  121.3   58.7   82.7
    7.8   12.7   93.9
  306.8   28.0  105.0
  301.9   33.3   93.4
  287.6   26.5  104.0
  145.7   46.7   20.4
  283.7   42.9  117.7
  302.4   42.0  111.8
  295.8   49.4    1.8
  116.1   39.3   82.1
   99.0   37.4  110.6
  200.7    7.6    9.6
   68.4    5.9   34.8
   40.6   28.0   72.2
  342.6   29.3   55.0
  298.5   87.6   62.6
  321.6   64.3   87.5
  113.0   50.8  105.5
  324.5    6.2   74.2
  306.4   39.8    4.3
  301.3   22.5   99.8
   35.9   32.4   19.1
  219.7   27.5   58.5
  143.9   64.9   67.7
  143.2   63.9   64.7
  316.6   14.7   86.8
  151.2   36.3   37.9
  297.6   33.1   91.7
  104.0   61.9   61.2
   34.7   44.8   22.0
   29.6   21.3   74.4
  292.3   31.2  106.7
   91.4   28.4   50.3
  263.3   12.4   74.7
  129.7   41.9    4.7
  139.9   82.7   59.2
  299.3   39.9  105.6
  302.0   32.8  101.8
  321.1   54.3   90.5
  334.4   29.9   58.4
  124.0   87.3   11.0
   98.1   15.3   28.5
   65.3   49.3   79.4
   73.1   51.9   68.1
  319.3   59.6   76.7
  320.6   43.5   68.8
   11.9   14.5   21.9
  133.9   55.9   15.3
  137.9   54.8   73.1
  130.7   66.2  113.8
    3.4   21.1   47.0
  318.0   53.9   73.2
  134.6   47.2   88.8
  131.3    9.2   81.8
  321.3   42.0   70.8
