polar angle azimuth angle
    87.3997       79.9652
     55.287       89.3686
    86.6351       64.4786
    26.5914       177.606
     34.954       104.118
    47.0982       115.406
     34.223       102.938
     30.578       97.1923
    17.4376       171.707
     36.928       118.837
    35.3776       91.1205
    47.1834       86.2023
    9.33575       -175.78
    14.6293      -159.828
     71.624       -112.13
     18.438      -145.974
    81.2605       -99.541
    39.0022      -177.723
    12.0156        39.101
    80.4079       79.7808
    41.5486      -103.128
    86.9049       -83.164
    7.09734       97.7666
    18.9207      -146.487
    7.39339      -165.164
     32.311      -178.566
    35.5879       94.7919
    36.1042       122.846
    50.0915       99.9294
    34.2624      -112.296
    47.7288       102.265
    25.5727       170.482
    50.0695       104.886
    14.0062         152.7
    3.95906        45.364
    66.0534       -111.87
    10.2138      -174.106
    57.7354       59.4115
     58.815       83.4857
    65.8484      -111.661
     83.808      -101.355
     38.852       93.4953
    45.7054       98.0441
    17.9432       103.656
    41.8763       97.1286
    38.4082       112.911
     46.191       90.6182
    30.8803       128.549
    41.5207       119.785
      55.81       85.5594
    54.1476       88.5081
    38.2681      -165.511
    3.76207       172.183
    23.5354       113.552
    37.0445       111.669
    46.0136       103.799
    37.0076       119.207
    36.9582      -115.285
    28.4075       106.204
    55.3019       89.3408
    14.3813       166.117
    76.9315       67.4788
    50.9926      -144.374
    13.2767       119.778
    33.4236      -149.774
     49.477       82.0077
    69.9765       83.6613
    3.97061       42.2766
    21.1878      -169.759
     24.751       86.6207
    61.7472       -74.196
    46.4688      -105.979
    59.5272        89.885
     18.723      -148.341
    22.5827      -165.473
    38.6199      -176.424
    87.9308       57.2643
    64.3218       97.8525
    86.6365       -89.864
    45.7041       89.8775
    25.6372      -121.085
    14.6652       165.109
    14.8904       162.741
    52.1411       111.281
    22.0072      -126.835
    54.4959       88.4301
    50.5448       100.593
    34.4082      -113.141
    32.7213       164.344
    7.79486       -178.37
    69.6278       84.3891
    21.7956       119.089
    57.9706       60.5279
    76.9481       -104.92
     57.958       94.0135
    77.2065       -104.56
    55.5819      -104.404
    20.3746       129.338
    39.7364       -94.611
    79.0824       69.2594
    25.9731      -126.454
    14.9999       166.572
    44.0506       29.0913
    78.9113       67.1727
    8.65305       89.0919
    27.0621       130.296
    24.0556       113.695
    33.4443      -151.277
    38.2266       93.2591
    35.3617       173.626
    70.4312       83.0329
    74.2658       79.8067
    9.82969       -64.087
    71.7629      -109.268
    66.4981      -111.404
    13.8293       116.524
    9.99915      -173.686
    33.1432       152.906
     11.374       158.316
    34.4947      -122.393
    37.7921       95.9338
    32.3804      -130.729
     48.262       113.323
    46.5552       110.264
    66.1108      -111.543
    32.5732       117.634
    22.1834       135.308
    9.48835       -170.24
    45.5687       120.057
    74.4952       73.0087
    67.5088       71.5107
    48.4073       126.637
    33.1238       104.631
    23.7304       67.5352
      43.23       103.766
    58.2897       82.6048
    39.5554      -116.443
    48.4044       102.524
     60.321      -108.174
    6.45192       -86.103
    27.6278       91.4199
    19.5842      -124.668
    11.6512        41.177
    44.7603       118.201
    29.3085      -152.071
    13.2576       118.605
    78.9944       69.0009
    84.5307       -93.321
    40.5103       66.0846
    87.7481       57.3249
    22.3074      -167.344
    23.5196       68.2997
    29.8558       122.953
    44.6356       104.157
    60.5127       92.5597
    25.9225       169.696
    45.3914       119.095
    26.4411       129.066
     18.767      -146.063
     36.297       91.2845
    34.1352       157.044
    65.9147      -111.696
    8.20695       90.5296
    46.2176       116.623
    81.6583       -95.202
     23.867      -122.231
    82.1915       -94.611
    34.7537      -112.695
    50.7489        108.71
    71.2416       90.5047
    22.0923      -132.431
    12.0001        139.58
    24.3844       172.254
    21.5897      -157.292
    38.5903        98.705
    47.5551       -143.22
    35.3387       173.034
    48.3631       117.289
    52.4718      -117.995
    22.0861      -130.529
    68.6988       105.387
     19.928       86.5704
    24.5022       85.8622
    60.0232       -66.715
    13.0027       60.0012
    36.0356      -124.249
    13.2282       145.471
    47.8601      -103.115
    44.4359       104.293
    7.62342       156.624
    38.5662      -176.459
    84.3006        -69.02
    21.2279      -157.939
    18.9738       86.8255
    32.2773        -127.2
    6.25233       166.435
     51.437      -143.532
    86.4055       -94.195
    80.8308       78.6038
    74.2349       78.8204
    59.3112       97.7744
    5.73482       84.6196
    65.9073          81.4
    68.6126       56.9776
    15.3938       158.657
    19.2474       -148.83
    70.8746       90.6102
    55.7417       61.6251
    50.2456       100.822
    41.2654      -146.611
    47.7963      -143.247
    86.8597       56.6946
    28.8022        104.52
    76.4682      -105.492
    4.98388       167.074
    14.0586       87.2155
    22.0772      -169.118
    30.0656      -137.913
    40.9946       118.876
     51.581        103.55
    14.0671       163.644
    40.9746       -97.692
    46.4812       -96.175
    48.3635       115.485
     6.7746       -147.93
    26.9851       80.3512
    46.4258       106.233
    38.5575       99.0282
    45.2968       119.869
    21.0395       -131.49
    17.4267       169.528
    21.2497      -170.227
      56.69       59.4989
    26.1307      -161.551
    14.3526       166.985
    25.6102      -123.834
    51.2673        -85.55
    29.1277       115.144
    33.7438       100.404
    39.2305       93.7154
    61.5915       91.1562
    64.6287       97.7189
    33.3534       160.489
    10.9148       82.4465
    68.2034       54.2269
    52.0371      -144.454
    64.3229       97.2107
    38.8499      -177.279
    56.0679       62.0108
    78.9285       79.7151
    28.3909       104.038
    46.4255       116.579
    29.8764       105.453
    78.2712        78.368
    9.42356       3.49799
    71.4126       63.5501
    23.7231       68.9332
    89.6934       82.5204
    22.4093      -129.096
    32.5621       117.554
    39.8629        -99.13
    55.4367        85.413
     7.4591       76.4387
    47.6855        116.51
    37.2724      -122.251
    47.9796       112.766
    31.9378       120.239
    46.3037         79.63
    88.2452       89.5113
    45.3286       113.006
    40.3113       118.471
    65.4503        99.973
    81.0907       66.0837
    89.6316      -135.557
    29.2286       112.294
    86.7447       56.6407
    27.0937       52.1105
    55.4764       86.1906
    38.6774       102.227
    50.7391      -144.188
    24.5937      -113.746
    56.2573       106.517
      28.76       115.658
    47.8775       112.603
    23.9133       131.999
     23.814        65.476
     79.949       -90.653
    45.6654        119.59
     28.079        105.86
    39.8897      -108.609
    3.03706      -159.662
    66.4247      -111.602
    34.4725       144.154
    15.1993       83.7427
    78.1218         88.84
    22.0485       89.8745
    82.6293       68.6672
    59.6167       97.4537
    7.77513       77.2713
    88.4901       70.4544
    84.2848       -97.099
    54.5466          85.1
    15.9738       167.854
    43.9988      -112.872
    61.1589       90.7303
     56.112       89.1807
    25.7063       169.984
    33.5239       114.929
    48.0925      -143.033
    69.4367       92.3375
    38.2163       102.559
    61.6176       105.736
    46.9287       103.421
    43.0689      -117.662
    49.9227        99.377
    51.2597      -143.749
    51.5594       103.828
    15.0447       95.7414
    8.02904      -113.287
     28.124       179.288
    54.4959       88.4301
    48.6075       127.273
    32.8556       101.583
    6.55845       161.205
    38.4554       93.5228
    39.1587      -177.434
    52.5012       110.903
    21.7274       134.354
     9.6802      -172.888
    24.6262       133.215
    38.2725       102.514
    61.4622       90.7325
    41.4545      -114.888
    82.4202       73.5753
    26.8222       129.586
    46.0952       115.434
    25.8132       79.4721
    19.1762      -124.535
    32.1269       -178.96
    47.8193       114.039
    18.5338       100.991
    34.3908       -152.41
    29.9185      -137.327
     62.882       110.409
    86.4617       93.6306
     51.634      -144.388
    56.4999       88.3612
    80.3772       78.4083
    15.9204      -114.959
    18.7848      -145.664
    22.5168      -127.078
    13.8381       137.693
    57.9694       81.4678
    41.7351       97.7549
    28.9648       116.029
    9.59792       161.391
    51.2225      -144.934
    47.7025       112.555
    22.2085         139.5
    82.1832       -96.114
      35.45        60.077
    31.4178      -137.962
    59.8046       87.8629
    19.2225      -146.154
     10.359      -177.196
    78.7508       69.2515
    81.9833       -83.547
      38.59       -177.43
    33.9882      -150.139
    13.9766       164.222
    76.8441      -105.656
    52.9262       99.0524
    3.91552       34.1058
    81.2563       -96.947
    68.4428       57.6812
    72.4833       75.2925
    87.2547       57.6761
    36.2486       136.606
    26.8833       130.092
    86.9224       56.4459
    36.5179       92.7537
    55.8268        89.631
    71.8625       64.2109
    54.7189       112.526
     71.251      -109.617
    33.2751      -150.004
    38.4762        93.446
    15.8815      -142.387
      14.59       -39.179
    45.0209        103.79
    15.5623        117.35
    35.7219       94.7195
    28.8942      -152.741
    46.1764       79.3917
    88.9892       56.5479
    41.5524      -112.262
    47.0335       119.353
    49.4101       100.356
     39.003       117.362
    14.4363       81.4139
    18.8021      -146.646
    57.1425       61.6224
    65.3544      -111.576
    48.7719       108.191
    86.5218       -95.989
    71.0955       93.7472
    16.1101      -116.519
    43.8193       125.666
    18.6478      -146.692
     51.504       69.4809
    14.3463      -160.494
    28.1466      -178.316
    8.58009       -91.863
    29.3501      -135.495
    47.5064       106.437
    79.4925        93.261
    86.5487       56.7466
    63.3158       86.2891
    64.1616      -116.004
      19.05        55.033
    58.6959       83.4424
    24.5619       85.4922
    23.9284        12.433
    18.9245       81.3523
    48.9184       91.9463
    43.8291       104.131
     13.576      -108.955
    69.0538       58.4173
    32.0687      -128.999
    30.4817       97.6273
    38.9036        103.28
    78.1529       88.8979
    14.1049       137.085
    14.2581        -161.2
    28.5184       94.8666
    74.4921        78.945
    27.9086       104.609
    68.7938       57.2166
    38.4212      -176.266
    40.0141      -109.524
    43.6646      -117.685
    61.5883        101.38
    46.9524       80.2792
    56.6624       90.5639
    72.2437      -108.092
     51.641      -144.336
    64.2352       98.5713
     60.891       90.0623
    48.2935       117.361
    43.1681       104.064
    56.4068       62.3799
     35.325      -149.794
    27.0353       79.5819
      7.743       74.4095
    51.6628       103.801
    33.2021       163.193
    22.2661       116.464
    49.8586       100.371
    15.8896      -142.008
    47.4856       -102.76
     29.109       112.534
    13.1494       153.218
    25.8625       78.1096
     45.986      -117.814
    49.0693       51.1318
    51.7645      -145.163
    28.8522       115.516
    56.6243       87.1676
    45.4025      -144.229
    23.3792         113.8
    51.0578      -143.867
    11.3747       84.2778
    56.8095       90.3972
    84.8262       79.4342
    87.0104       56.5631
    10.0612      -173.212
    45.7156       119.541
    15.8346       151.586
    14.1902       151.382
    46.4115       79.7317
    44.1513       96.7347
    56.0678       89.5148
    28.2536      -142.342
    5.94941       170.269
    74.3851       79.6467
    38.9316      -177.306
    28.4745       110.793
    30.8361       107.815
     39.968        100.23
     39.275       -94.981
    67.6321      -111.344
    40.4305       115.851
    40.5888       -97.391
    82.9072       97.1011
    65.3979      -111.925
    57.9529       80.3241
    76.4358        67.516
    89.6414      -135.669
    34.5978      -150.656
    19.3754       95.1734
    48.5861        113.29
    39.3819       -94.582
     41.619      -113.332
    60.7793       68.1363
    68.1173      -101.103
    84.8836       76.0293
    21.7912       135.724
    27.0046         21.59
    35.9557      -124.032
    24.8044       134.357
    44.3148       96.4168
    62.2476       86.4167
     51.677       -85.476
    16.4782       149.239
    87.8884       100.234
    34.3091      -150.199
    15.7708       86.0263
    72.2453      -112.035
    66.0998      -111.332
    9.05049       165.549
    59.6085       97.2039
    21.0992      -169.453
    30.8914      -133.385
    8.37891       90.3802
    42.1768       123.864
    35.7808      -124.945
    4.10849       37.7581
    42.2531       98.0912
    60.9706       21.7583
    46.1275       -117.94
    78.9228      -106.461
    61.1793       24.3938
    45.6263        79.724
     33.942       157.723
    45.1449       119.095
    77.6168       74.4956
    36.6748       93.6439
    18.7236      -145.357
    27.1437        104.51
    86.1836       80.5166
    41.3643       97.4324
    30.5291      -136.821
    39.2322       98.2668
    58.1617       116.894
    51.3488       121.047
      17.03       152.469
     54.735       116.267
    34.4026       144.571
    37.9299      -165.011
    46.1716      -118.083
    89.1181       -78.254
    50.7489        108.71
    34.3403      -155.996
    16.2531       171.167
    46.1687      -118.095
    38.7919      -112.683
    68.5179       90.2307
    47.5089       -96.761
    16.5098       170.865
    12.4936      -159.859
    19.2344      -149.042
    86.4537       56.9212
    26.4514       130.335
    23.7881       121.959
    86.4637       -89.446
     29.404       105.128
    54.3369       88.3458
     25.128       49.2975
     12.761       85.5904
    68.9382       56.3712
    16.6799       148.915
     14.324       158.663
    46.1965      -118.103
    64.5341      -113.323
    28.0304      -173.958
    71.1231      -109.269
    6.26229       162.559
    55.9732       62.2858
    44.3772       95.5508
    15.3509       168.138
    33.7653       100.602
     43.668      -117.283
    28.8712       116.103
    3.13926        108.32
    39.5672       116.042
    9.60022      -170.188
    55.3295        115.16
    14.6024       89.1117
     39.413       98.7014
    77.3023       74.1643
    28.2916       110.518
    52.1572       111.292
    41.6315       102.224
    64.7344       -37.337
     38.231      -176.477
    83.3247      -116.542
    34.5595       104.373
    43.3614       104.095
    60.1542       92.7048
     15.544        128.14
    65.3831      -111.661
    51.7181      -144.289
    58.1021       82.5972
    33.9712       157.775
     47.655       -143.17
    68.5415       94.7828
    64.7926       98.7319
    23.2329       115.653
    46.7241       111.152
    57.6495      -144.856
    46.2544       -96.462
    32.3227      -128.856
    58.5212       143.398
    65.9041        -111.6
    88.3827       55.9767
    58.1431        82.636
     10.044      -170.864
    36.5053       93.4955
    14.3667      -158.303
    45.5377       143.358
    43.5968      -118.529
    71.3149       94.4257
    49.5564      -144.151
    71.3277      -109.068
    80.9399       -82.707
    65.0321       108.824
     26.695       129.805
    22.4478       135.028
    83.8922      -101.013
    38.2037      -164.373
    87.0008        56.383
    21.5636       79.4593
    18.8536       81.0063
    32.9331       93.3003
     31.896       101.624
    37.6184       111.077
    13.8525       165.492
    27.0669       79.6081
    41.5941       97.7782
    38.4131       98.1561
    15.5754      -113.212
    34.6984      -112.496
    3.36009       173.691
    55.3857       90.1329
    16.8736       151.393
    77.4669       84.7395
    31.7227       144.435
       15.6      -114.065
    31.3037       128.084
    46.3647       110.291
    76.7089      -105.689
    51.7545      -144.343
    88.6489       55.9925
    55.9491       86.1758
    15.0357       87.2777
    81.4089       -82.969
    81.9405       -99.144
    57.0519       109.573
    56.6512       88.2653
     72.299       89.6244
    56.8119       108.834
    53.6376       116.615
    86.4118       56.8203
    37.9928      -119.372
    48.2062        113.27
    40.2756       100.267
    9.66151      -172.813
    16.4029      -108.426
    80.9696       -99.816
    30.8665       107.458
    40.6326       -98.738
    44.9844       112.547
    89.9154       101.088
    56.2055       88.2212
    12.9649        169.56
    22.5263        133.55
    60.5545       66.6143
    70.4617       -102.08
    83.0975       -78.525
    31.9055      -179.549
    40.7024       101.372
    33.6612       156.121
    32.5995       157.064
    88.9316       55.4583
    23.5348       132.842
    2.78113      -153.331
    17.6572       102.853
    60.7412       82.6603
    23.8834       112.748
    34.4824      -154.759
    42.3551       117.919
    89.3941       -79.064
    27.5163       176.589
    23.4456       132.916
    4.42202       40.4062
    81.9009       73.9677
      41.87       97.9657
    33.7285      -150.504
    45.2756        112.69
    87.5759       -96.463
    24.6771       85.9045
    35.9245      -124.418
    10.0904      -178.239
    22.5069       90.1077
    5.47281       99.5469
    21.9447      -166.524
    19.3277      -124.808
     3.1669      -153.921
    71.5564       63.9935
    72.6945       105.934
    64.9829       83.1515
    6.64899      -121.808
    43.3181      -117.878
    36.0118      -149.005
    15.0483        172.44
     87.721       57.0783
    23.8348      -176.343
    28.5101       105.352
    60.1606       89.4823
    65.5747      -111.358
     49.759      -144.252
    72.5441       105.497
    31.6527      -129.238
     63.163       101.114
    86.8931       -95.894
    56.4259        90.419
    20.5235       128.618
    24.9045       79.5127
    56.4746       90.2487
    69.4235       94.6749
    7.24861      -171.283
    83.4095      -100.157
    86.7596        56.199
    30.4774       97.5449
    32.1717      -179.382
    48.6518       104.747
    39.7179       -99.567
     32.753       163.296
    31.5188      -129.091
    56.9425       60.3568
    36.4346       101.814
     55.149      -122.522
     39.836      -108.851
    30.0956      -139.456
    69.1588      -103.269
    54.8744      -122.368
    76.7486       86.3808
    64.8564       -37.429
    21.5731      -132.415
    38.5973       110.229
    14.0094       -174.17
    13.4503       119.768
    47.8087       102.426
    59.9277       97.4675
    56.6914        90.512
    28.7523       115.629
     76.814        74.305
    32.2259       164.894
    83.6005       85.9247
    14.1889       144.532
    32.7306       101.898
    60.7367       101.655
    25.7146       169.837
    15.7158       170.613
    46.2966       116.386
    35.7424      -125.126
    22.6189      -164.648
     76.713      -104.902
    51.0531      -144.144
    15.9511       127.765
    56.9672       62.3602
    67.9534      -100.945
    40.9355         -97.8
    37.4502       111.749
    44.8968      -107.012
    56.3087       89.6499
    33.4004      -126.006
    33.1173       160.522
    21.0559      -131.327
    51.8561      -144.147
    34.1368      -154.891
    81.4524       -99.151
    67.5556      -121.911
    47.6987       106.399
    12.6732       60.1609
    65.9941       101.133
    12.2877      -161.406
    29.4256       103.918
    78.2645      -106.574
    14.2251       170.648
    79.0128       79.4824
    82.9192       -95.927
    15.5414       171.535
    23.3334       67.0322
     48.309       126.962
    46.2986      -106.744
    18.6487       80.7565
    81.9691       -95.512
    15.4364       168.129
    38.7636       117.565
    35.4319       173.364
    16.9648       149.033
    59.9983       98.1122
    44.9317       112.357
    36.0653      -148.394
    6.26978       161.933
    61.6578       104.633
    65.6182      -111.465
    73.4999      -107.543
    21.1191      -170.084
    34.6543      -154.503
    44.7772       118.849
    12.9233       118.805
    20.9242      -168.611
     29.918      -136.814
    15.1954       82.9804
    44.1229       95.6507
    23.8178       113.653
    38.5854      -113.928
     81.384        -96.52
    20.7955       148.743
    3.03478       176.032
    51.6802      -143.872
    56.4315       -97.182
    49.3256       105.519
     29.927      -138.192
    8.22136       76.4463
    86.1848       55.9561
    40.3554       70.7737
    34.1887      -112.734
    88.9091       56.2307
    25.1253        142.19
    22.5609       90.4014
    71.0092       -109.78
    22.0071       137.301
    76.3159       56.6857
    19.3711       125.851
    27.1638        -131.2
    75.0872       97.0183
    36.5066       93.8684
    45.2241       112.622
    19.8631      -126.496
    44.0366       104.257
    89.2294      -108.779
    42.1244      -105.548
    36.2585       91.0832
    15.7467      -139.334
    45.2001       112.421
    43.2697        104.49
    41.9191       103.731
     60.311       90.1294
     41.223       105.844
    23.9303       75.4033
    50.3649       104.267
     39.891       -99.011
    42.4581       103.759
    5.24753        -55.28
    52.2185       102.762
    40.5974       66.6968
    35.6801      -130.099
    48.9686       89.0312
    76.5406       67.8007
    66.9316       60.6193
    46.3858        116.59
    38.8561      -176.266
    66.1162       79.4693
    89.6884       84.8633
    66.5491       52.6556
    32.5695       117.436
    4.45129       46.8282
    15.3057       172.281
    49.2834       99.6047
     46.654       80.4265
     41.313      -112.736
    13.2335       62.3339
    83.3204       70.5283
     38.302       93.5123
    71.7086      -108.558
    87.1335       56.9461
    70.7547       80.3148
    50.0092        104.56
    79.6377       -100.35
    5.97034       164.469
    61.6034       90.8018
    41.3834        97.806
    8.52544      -117.864
    38.7168      -177.084
    32.2523        117.42
    51.7365       103.829
    51.7493      -144.875
     36.174       -148.59
    50.6924       100.387
    79.5149       -99.556
     8.8403       157.079
    9.50238       3.70752
    73.6494       62.3321
    42.4654      -111.081
    6.99474       -59.971
    45.5439       119.732
    47.4268      -103.343
    29.2995      -135.409
    39.0459       98.3929
    84.7951       -96.542
    41.4493       115.931
    53.5314       83.6333
    59.9123       89.6445
    37.3393       118.977
    29.2897       95.1621
     15.164       88.6141
    80.0288      -111.651
     65.718      -111.682
    44.7312       103.753
    75.0363       82.8452
     38.612       103.662
    28.6801       115.924
    25.4872       141.188
    73.8055        82.401
    10.2261       179.924
    35.4644      -112.733
    33.3359      -114.823
    82.9678      -100.638
    85.7501       -88.564
    53.5586       105.221
     38.603       93.5103
     10.361      -176.207
    22.1139       143.244
    70.9144      -114.279
     57.471       109.184
    84.9186      -116.097
    6.43515       165.934
     29.852       108.724
    13.7336       146.149
    37.5198        93.369
    80.4686        77.781
    51.8455        121.53
    87.1237       64.1163
    21.8205       135.878
    20.5194      -172.288
    18.5093      -145.696
    31.3037       128.084
    36.6229      -121.293
    13.9305      -159.339
    40.1538        -98.17
    72.1832      -114.422
    34.1127       126.657
    55.0214       89.3419
    29.0635      -150.247
     87.507       57.2415
    17.3172       171.161
    17.4129        130.62
    46.9013       105.625
    32.4127      -130.992
    63.2878       101.528
    60.1406       92.9383
    23.2862      -174.803
    60.4318       97.0305
    41.4843       97.5986
    55.6294       90.1269
    47.2518       -103.43
    55.4825       85.7886
    31.1322       107.262
    46.4204       91.0398
     64.656       -37.448
    62.2071       86.7612
    49.3977       99.4901
    54.1891       92.0513
    36.5485       92.3672
     45.539       143.301
    46.1797       79.7053
    47.9992       -97.994
    40.3075      -114.588
    3.23179        112.72
    76.2937       67.3976
    34.0436      -112.439
     25.717       110.279
    13.6712       153.173
    37.3255      -127.718
    14.4276       163.276
    66.1458       100.847
    46.0575        -117.8
    33.0904       157.738
    65.3726      -111.834
    32.0656       -178.51
    21.1507       141.464
    84.5539       83.9433
    57.6812       109.473
    40.2526       119.971
    22.8202       133.354
    55.6659       90.8896
    69.8875      -101.527
    16.1439       126.742
    33.4324      -127.349
    35.7592      -124.736
    87.6292        -71.34
    58.6244       83.0214
     58.004       60.4902
    16.4943       43.7775
    24.8125       140.387
    21.7272      -132.301
    83.3592       81.5468
