   1.5840835e+00   4.0261513e-02
   1.6546819e+00  -9.7012482e-03
   1.4963828e+00   9.3368135e-02
   1.5843188e+00   1.1972349e-01
   1.6755299e+00   7.9211744e-02
   1.7298931e+00  -4.5222584e-02
   1.7498861e+00   4.5134639e-02
   1.4905951e+00   1.7159859e-01
   1.6785882e+00   1.5590991e-01
   1.5841035e+00   1.9959566e-01
   1.7388550e+00  -1.3599903e-01
   1.7737714e+00   1.3462871e-01
   1.8192743e+00   9.3488592e-03
   1.8083999e+00  -8.6141107e-02
   1.6498171e+00   2.4123168e-01
   1.5079556e+00   2.5395321e-01
   1.4070274e+00   2.1745486e-01
   1.7469689e+00   2.1436894e-01
   1.8441991e+00   1.0856989e-01
   1.5654458e+00   3.0378326e-01
   1.8282661e+00  -1.8379268e-01
   1.8943472e+00  -1.5500742e-03
   1.4345022e+00   2.9758309e-01
   1.8865832e+00  -9.9336242e-02
   1.7169909e+00   2.9938338e-01
   1.6404945e+00   3.3518458e-01
   1.8168234e+00   2.5262664e-01
   1.8712845e+00   1.9175584e-01
   1.3291120e+00   2.6489691e-01
   1.9238625e+00   8.2297738e-02
   1.4713943e+00   3.6960505e-01
   1.5448852e+00   3.8584408e-01
   1.9052878e+00  -2.0049490e-01
   1.3665287e+00   3.4823962e-01
   1.9632687e+00  -9.9535860e-02
   1.7859026e+00   3.4604298e-01
   1.9821159e+00  -1.0652728e-02
   1.9619962e+00   1.5830674e-01
   1.6511717e+00   4.1630070e-01
   1.7312384e+00   4.0414300e-01
   1.9293714e+00   2.5321720e-01
   1.8699068e+00   3.2655335e-01
   1.2738704e+00   3.3021317e-01
   2.0189600e+00   6.9971824e-02
   1.9301222e+00  -2.8926143e-01
   1.9852284e+00  -2.0161097e-01
   1.5850990e+00   4.5850891e-01
   1.3969745e+00   4.3255976e-01
   1.4712313e+00   4.6350781e-01
   1.3121991e+00   4.2316234e-01
   2.0449787e+00  -1.3743340e-01
   2.0631835e+00  -4.1082753e-02
   2.0322204e+00   1.8981942e-01
   1.8581999e+00   4.1866219e-01
   2.0033430e+00   2.8721300e-01
   1.7184360e+00   4.9593133e-01
   1.9459246e+00   3.6344511e-01
   1.8019669e+00   4.6612311e-01
   1.5282046e+00   5.1593671e-01
   2.0889574e+00   8.7852788e-02
   1.6519496e+00   5.2713690e-01
   2.0218058e+00  -2.9949744e-01
   1.2322018e+00   4.2507816e-01
   1.9739015e+00  -3.7998566e-01
   1.3954089e+00   5.2775845e-01
   2.0783139e+00  -2.4505910e-01
   2.1307979e+00  -1.9909108e-02
   1.3193719e+00   5.1608669e-01
   2.1141339e+00   1.8603682e-01
   2.1254752e+00  -1.5050528e-01
   1.5981575e+00   5.7680276e-01
   1.9371562e+00   4.5837415e-01
   2.0865349e+00   2.8674144e-01
   1.4594624e+00   5.7529543e-01
   2.0293364e+00   3.8911843e-01
   1.8309085e+00   5.4657593e-01
   1.7541135e+00   5.7900367e-01
   2.1729595e+00   7.2909441e-02
   1.2355652e+00   5.1562108e-01
   2.0698192e+00  -3.8560740e-01
   1.9114744e+00   5.3054404e-01
   1.5277698e+00   6.2164161e-01
   2.1908334e+00  -1.0378237e-01
   2.0077398e+00  -4.6912906e-01
   2.1632677e+00  -2.5172141e-01
   1.7009819e+00   6.2666903e-01
   2.0260865e+00   4.7380539e-01
   1.3345780e+00   6.0977960e-01
   2.2004645e+00   1.6955007e-01
   2.1155238e+00   3.7531222e-01
   2.1392337e+00  -3.4639905e-01
   2.1771031e+00   2.7324429e-01
   1.4104822e+00   6.4360747e-01
   2.2313425e+00  -4.3913557e-03
   1.6318955e+00   6.5817976e-01
   1.1557903e+00   5.4647738e-01
   1.2496696e+00   6.0424982e-01
   1.8536672e+00   6.3129321e-01
   2.2376583e+00  -1.9873468e-01
   2.0965385e+00  -4.7673543e-01
   1.5198758e+00   6.9396134e-01
   2.0071376e+00   5.6665195e-01
   1.7924402e+00   6.7784267e-01
   1.9449753e+00   6.1826680e-01
   2.2762664e+00   8.9454459e-02
   2.1391750e+00   4.5687932e-01
   2.2839998e+00  -9.1156826e-02
   2.2178020e+00   3.4556113e-01
   1.4310685e+00   7.1300631e-01
   1.6044391e+00   7.2634825e-01
   2.0928294e+00   5.3556711e-01
   1.3117814e+00   6.9106654e-01
   2.2769559e+00   2.0764132e-01
   2.2441422e+00  -3.0992300e-01
   2.1937582e+00  -4.1523482e-01
   1.7250420e+00   7.2113434e-01
   1.1903791e+00   6.5517128e-01
   2.0935436e+00  -5.6824759e-01
   1.1090448e+00   6.2506590e-01
   2.3375235e+00   2.3919929e-02
   1.9113195e+00   7.0300780e-01
   2.1791678e+00  -5.0961891e-01
   2.2260299e+00   4.4458531e-01
   2.3199712e+00  -2.1693339e-01
   1.5008023e+00   7.7638925e-01
   2.2993323e+00   3.0537210e-01
   1.6875531e+00   7.7522572e-01
   1.3513785e+00   7.6085448e-01
   1.2395813e+00   7.2968195e-01
   2.0549549e+00   6.4993902e-01
   1.8303903e+00   7.5677899e-01
   2.2853799e+00  -3.9239615e-01
   2.1860928e+00   5.5849070e-01
   1.9992875e+00   7.1069826e-01
   2.1323508e+00   6.3640614e-01
   1.1335730e+00   7.3249330e-01
   2.1468994e+00  -6.4602606e-01
   2.2701561e+00  -5.0861114e-01
   2.2955368e+00   4.6996361e-01
   1.0553037e+00   7.1409229e-01
   2.2170565e+00  -6.0754201e-01
   2.2530289e+00   5.8768702e-01
   2.0972729e+00   7.5193454e-01
   2.1844410e+00   7.1313227e-01
   2.2094642e+00  -7.2969568e-01
   4.2396269e-02  -3.1886565e-01
   8.4443415e-02  -1.6856638e+00
   1.1932676e-01   6.7451302e-01
   1.2048110e-01  -1.1274433e-01
   1.3122745e-01  -9.2553002e-01
   1.6534686e-01  -1.8454246e+00
   1.8463056e-01  -1.3265353e+00
   1.8924858e-01   4.3992434e-01
   1.8929506e-01  -6.0863096e-01
   2.0003288e-01  -6.7018920e-02
   2.1578876e-01  -2.2450087e+00
   2.4305116e-01  -9.9289780e-01
   2.4865011e-01  -1.5339666e+00
   2.5245893e-01  -1.9121434e+00
   2.5360473e-01  -3.2006459e-01
   2.6144963e-01   2.4541134e-01
   2.7144437e-01   6.5362815e-01
   2.7660977e-01  -6.9679438e-01
   2.9366836e-01  -1.2020673e+00
   3.0382891e-01   1.7885083e-02
   3.1514917e-01  -2.1775347e+00
   3.2355443e-01  -1.5754188e+00
   3.2646518e-01   4.3750311e-01
   3.3054294e-01  -1.8654986e+00
   3.3220471e-01  -4.6304953e-01
   3.4208652e-01  -2.0912589e-01
   3.5078657e-01  -7.8772557e-01
   3.5489063e-01  -1.0193922e+00
   3.5665629e-01   7.5529354e-01
   3.6213904e-01  -1.3513145e+00
   3.8214432e-01   2.6936370e-01
   3.8666960e-01   6.8756946e-02
   3.8803133e-01  -2.0911427e+00
   4.0161054e-01   5.4559790e-01
   4.0426179e-01  -1.8063963e+00
   4.0515314e-01  -5.7226234e-01
   4.1144966e-01  -1.5952126e+00
   4.2048144e-01  -1.2057181e+00
   4.2354306e-01  -1.9661763e-01
   4.3319037e-01  -3.9042094e-01
   4.3578851e-01  -9.8155972e-01
   4.3918382e-01  -7.6566181e-01
   4.4040791e-01   7.5641078e-01
   4.5322663e-01  -1.4263928e+00
   4.5731282e-01  -2.2202668e+00
   4.5830188e-01  -1.9979672e+00
   4.5871609e-01  -3.2305324e-02
   4.6412277e-01   3.9667752e-01
   4.7332013e-01   2.1982462e-01
   4.9181462e-01   5.7225604e-01
   4.9223755e-01  -1.8316489e+00
   4.9395777e-01  -1.6472072e+00
   4.9632998e-01  -1.2081123e+00
   5.0296084e-01  -6.2867223e-01
   5.1415029e-01  -1.0204728e+00
   5.1568000e-01  -3.0292008e-01
   5.1624113e-01  -8.3644122e-01
   5.1649764e-01  -4.8245161e-01
   5.1753341e-01   8.6169928e-02
   5.2488596e-01  -1.4180979e+00
   5.3276383e-01  -1.6028718e-01
   5.3563709e-01  -2.1179593e+00
   5.3693245e-01   7.0677459e-01
   5.4671957e-01  -2.2866385e+00
   5.5351042e-01   3.3835233e-01
   5.5889307e-01  -1.9821772e+00
   5.6031764e-01  -1.6025390e+00
   5.6905424e-01   4.7991807e-01
   5.7126458e-01  -1.2736184e+00
   5.7266481e-01  -1.8082374e+00
   5.7737780e-01  -5.0142572e-02
   5.7854162e-01  -7.1433509e-01
   5.8373484e-01  -1.1080386e+00
   5.8477381e-01   2.0265595e-01
   5.9228740e-01  -9.1553843e-01
   5.9958256e-01  -4.7323485e-01
   6.0415275e-01  -3.2667971e-01
   6.0601775e-01  -1.4652062e+00
   6.0665751e-01   6.1510560e-01
   6.2052124e-01  -2.1748393e+00
   6.2157767e-01  -6.1112123e-01
   6.2293234e-01   7.3793097e-02
   6.2753399e-01  -1.7148905e+00
   6.2977183e-01  -2.3399394e+00
   6.3778001e-01  -1.9251885e+00
   6.3826412e-01  -2.1964987e-01
   6.4484378e-01  -8.2061106e-01
   6.4846954e-01   3.9790078e-01
   6.4909085e-01  -1.3432172e+00
   6.5057438e-01  -1.0266973e+00
   6.5559493e-01  -2.0593359e+00
   6.5791096e-01  -1.1996703e+00
   6.6051112e-01   2.6321285e-01
   6.6055853e-01  -1.5764481e+00
   6.6058934e-01  -9.9680804e-02
   6.7318936e-01   7.0322714e-01
   6.7475386e-01   5.2967840e-01
   6.8379209e-01  -4.5762553e-01
   6.9148424e-01  -1.8165392e+00
   6.9429092e-01  -2.2399549e+00
   6.9551774e-01   7.9515477e-02
   7.0029612e-01  -7.1524160e-01
   7.0767886e-01  -3.4496971e-01
   7.0978679e-01  -5.9544576e-01
   7.1015187e-01  -1.4662859e+00
   7.1310487e-01  -9.6632766e-01
   7.1798947e-01  -1.6756344e+00
   7.2163691e-01  -1.1493147e+00
   7.2420416e-01   2.1179148e-01
   7.2698500e-01  -5.0631682e-02
   7.2960718e-01  -8.4514281e-01
   7.3046728e-01   3.9398953e-01
   7.3098636e-01  -1.3336301e+00
   7.3101792e-01  -1.9359724e+00
   7.3304784e-01  -2.0824564e+00
   7.3453798e-01  -2.3127839e-01
   7.4327564e-01   5.8080993e-01
   7.5205867e-01  -2.3220543e+00
   7.5830992e-01   7.0474600e-01
   7.6702403e-01  -1.5459735e+00
   7.6829673e-01  -5.0134831e-01
   7.7229780e-01  -2.1818078e+00
   7.7298921e-01  -1.0605794e+00
   7.7404549e-01  -1.7982152e+00
   7.7887920e-01   9.9722075e-02
   7.7898160e-01  -1.2458015e+00
   7.8214959e-01  -1.6604388e-01
   7.8571492e-01   3.1279828e-01
   7.8855201e-01   4.7624775e-01
   7.8890872e-01  -7.1546236e-01
   7.9162383e-01  -3.6909637e-01
   7.9825855e-01  -1.9859696e+00
   8.0581376e-01  -9.2749185e-01
   8.1015381e-01  -6.1087192e-01
   8.2203919e-01  -8.1384189e-01
   8.3177063e-01   6.1000804e-01
   8.3712495e-01  -2.3181865e+00
   8.3875439e-01  -2.0955541e+00
   8.3994456e-01  -1.0980576e+00
   8.5331854e-01   7.1320472e-01
   8.5597672e-01  -2.2186198e+00
   8.6853474e-01  -9.7191088e-01
   8.8735595e-01  -7.0500266e-01
   9.0418026e-01  -8.2229672e-01
   9.2922329e-01  -2.3024308e+00
   3.0991964e+00   3.1886565e-01
   3.0571492e+00   1.6856638e+00
   3.0222659e+00  -6.7451302e-01
   3.0211115e+00   1.1274433e-01
   3.0103652e+00   9.2553002e-01
   2.9762458e+00   1.8454246e+00
   2.9569621e+00   1.3265353e+00
   2.9523441e+00  -4.3992434e-01
   2.9522976e+00   6.0863096e-01
   2.9415598e+00   6.7018920e-02
   2.9258039e+00   2.2450087e+00
   2.8985415e+00   9.9289780e-01
   2.8929425e+00   1.5339666e+00
   2.8891337e+00   1.9121434e+00
   2.8879879e+00   3.2006459e-01
   2.8801430e+00  -2.4541134e-01
   2.8701483e+00  -6.5362815e-01
   2.8649829e+00   6.9679438e-01
   2.8479243e+00   1.2020673e+00
   2.8377637e+00  -1.7885083e-02
   2.8264435e+00   2.1775347e+00
   2.8180382e+00   1.5754188e+00
   2.8151275e+00  -4.3750311e-01
   2.8110497e+00   1.8654986e+00
   2.8093879e+00   4.6304953e-01
   2.7995061e+00   2.0912589e-01
   2.7908061e+00   7.8772557e-01
   2.7867020e+00   1.0193922e+00
   2.7849364e+00  -7.5529354e-01
   2.7794536e+00   1.3513145e+00
   2.7594483e+00  -2.6936370e-01
   2.7549230e+00  -6.8756946e-02
   2.7535613e+00   2.0911427e+00
   2.7399821e+00  -5.4559790e-01
   2.7373309e+00   1.8063963e+00
   2.7364395e+00   5.7226234e-01
   2.7301430e+00   1.5952126e+00
   2.7211112e+00   1.2057181e+00
   2.7180496e+00   1.9661763e-01
   2.7084023e+00   3.9042094e-01
   2.7058041e+00   9.8155972e-01
   2.7024088e+00   7.6566181e-01
   2.7011847e+00  -7.5641078e-01
   2.6883660e+00   1.4263928e+00
   2.6842798e+00   2.2202668e+00
   2.6832908e+00   1.9979672e+00
   2.6828766e+00   3.2305324e-02
   2.6774699e+00  -3.9667752e-01
   2.6682725e+00  -2.1982462e-01
   2.6497780e+00  -5.7225604e-01
   2.6493551e+00   1.8316489e+00
   2.6476349e+00   1.6472072e+00
   2.6452627e+00   1.2081123e+00
   2.6386318e+00   6.2867223e-01
   2.6274424e+00   1.0204728e+00
   2.6259127e+00   3.0292008e-01
   2.6253515e+00   8.3644122e-01
   2.6250950e+00   4.8245161e-01
   2.6240592e+00  -8.6169928e-02
   2.6167067e+00   1.4180979e+00
   2.6088288e+00   1.6028718e-01
   2.6059556e+00   2.1179593e+00
   2.6046602e+00  -7.0677459e-01
   2.5948731e+00   2.2866385e+00
   2.5880822e+00  -3.3835233e-01
   2.5826996e+00   1.9821772e+00
   2.5812750e+00   1.6025390e+00
   2.5725384e+00  -4.7991807e-01
   2.5703281e+00   1.2736184e+00
   2.5689278e+00   1.8082374e+00
   2.5642148e+00   5.0142572e-02
   2.5630510e+00   7.1433509e-01
   2.5578578e+00   1.1080386e+00
   2.5568188e+00  -2.0265595e-01
   2.5493053e+00   9.1553843e-01
   2.5420101e+00   4.7323485e-01
   2.5374399e+00   3.2667971e-01
   2.5355749e+00   1.4652062e+00
   2.5349351e+00  -6.1510560e-01
   2.5210714e+00   2.1748393e+00
   2.5200150e+00   6.1112123e-01
   2.5186603e+00  -7.3793097e-02
   2.5140587e+00   1.7148905e+00
   2.5118208e+00   2.3399394e+00
   2.5038126e+00   1.9251885e+00
   2.5033285e+00   2.1964987e-01
   2.4967489e+00   8.2061106e-01
   2.4931231e+00  -3.9790078e-01
   2.4925018e+00   1.3432172e+00
   2.4910183e+00   1.0266973e+00
   2.4859977e+00   2.0593359e+00
   2.4836817e+00   1.1996703e+00
   2.4810815e+00  -2.6321285e-01
   2.4810341e+00   1.5764481e+00
   2.4810033e+00   9.9680804e-02
   2.4684033e+00  -7.0322714e-01
   2.4668388e+00  -5.2967840e-01
   2.4578006e+00   4.5762553e-01
   2.4501084e+00   1.8165392e+00
   2.4473017e+00   2.2399549e+00
   2.4460749e+00  -7.9515477e-02
   2.4412965e+00   7.1524160e-01
   2.4339138e+00   3.4496971e-01
   2.4318059e+00   5.9544576e-01
   2.4314408e+00   1.4662859e+00
   2.4284878e+00   9.6632766e-01
   2.4236032e+00   1.6756344e+00
   2.4199557e+00   1.1493147e+00
   2.4173885e+00  -2.1179148e-01
   2.4146077e+00   5.0631682e-02
   2.4119855e+00   8.4514281e-01
   2.4111254e+00  -3.9398953e-01
   2.4106063e+00   1.3336301e+00
   2.4105747e+00   1.9359724e+00
   2.4085448e+00   2.0824564e+00
   2.4070547e+00   2.3127839e-01
   2.3983170e+00  -5.8080993e-01
   2.3895340e+00   2.3220543e+00
   2.3832827e+00  -7.0474600e-01
   2.3745686e+00   1.5459735e+00
   2.3732959e+00   5.0134831e-01
   2.3692949e+00   2.1818078e+00
   2.3686034e+00   1.0605794e+00
   2.3675472e+00   1.7982152e+00
   2.3627134e+00  -9.9722075e-02
   2.3626111e+00   1.2458015e+00
   2.3594431e+00   1.6604388e-01
   2.3558777e+00  -3.1279828e-01
   2.3530406e+00  -4.7624775e-01
   2.3526839e+00   7.1546236e-01
   2.3499688e+00   3.6909637e-01
   2.3433341e+00   1.9859696e+00
   2.3357789e+00   9.2749185e-01
   2.3314388e+00   6.1087192e-01
   2.3195535e+00   8.1384189e-01
   2.3098220e+00  -6.1000804e-01
   2.3044677e+00   2.3181865e+00
   2.3028383e+00   2.0955541e+00
   2.3016481e+00   1.0980576e+00
   2.2882741e+00  -7.1320472e-01
   2.2856159e+00   2.2186198e+00
   2.2730579e+00   9.7191088e-01
   2.2542367e+00   7.0500266e-01
   2.2374124e+00   8.2229672e-01
   2.2123694e+00   2.3024308e+00
   4.2396269e-02   2.8227270e+00
   8.4443415e-02   1.4559289e+00
   1.1932676e-01  -2.4670796e+00
   1.2048110e-01   3.0288483e+00
   1.3122745e-01   2.2160626e+00
   1.6534686e-01   1.2961680e+00
   1.8463056e-01   1.8150574e+00
   1.8924858e-01  -2.7016683e+00
   1.8929506e-01   2.5329617e+00
   2.0003288e-01   3.0745737e+00
   2.1578876e-01   8.9658393e-01
   2.4305116e-01   2.1486949e+00
   2.4865011e-01   1.6076261e+00
   2.5245893e-01   1.2294492e+00
   2.5360473e-01   2.8215281e+00
   2.6144963e-01  -2.8961813e+00
   2.7144437e-01  -2.4879645e+00
   2.7660977e-01   2.4447983e+00
   2.9366836e-01   1.9395254e+00
   3.0382891e-01  -3.1237076e+00
   3.1514917e-01   9.6405797e-01
   3.2355443e-01   1.5661739e+00
   3.2646518e-01  -2.7040895e+00
   3.3054294e-01   1.2760941e+00
   3.3220471e-01   2.6785431e+00
   3.4208652e-01   2.9324668e+00
   3.5078657e-01   2.3538671e+00
   3.5489063e-01   2.1222005e+00
   3.5665629e-01  -2.3862991e+00
   3.6213904e-01   1.7902782e+00
   3.8214432e-01  -2.8722289e+00
   3.8666960e-01  -3.0728357e+00
   3.8803133e-01   1.0504500e+00
   4.0161054e-01  -2.5959947e+00
   4.0426179e-01   1.3351963e+00
   4.0515314e-01   2.5693303e+00
   4.1144966e-01   1.5463800e+00
   4.2048144e-01   1.9358745e+00
   4.2354306e-01   2.9449750e+00
   4.3319037e-01   2.7511717e+00
   4.3578851e-01   2.1600329e+00
   4.3918382e-01   2.3759308e+00
   4.4040791e-01  -2.3851819e+00
   4.5322663e-01   1.7151999e+00
   4.5731282e-01   9.2132585e-01
   4.5830188e-01   1.1436254e+00
   4.5871609e-01   3.1092873e+00
   4.6412277e-01  -2.7449151e+00
   4.7332013e-01  -2.9217680e+00
   4.9181462e-01  -2.5693366e+00
   4.9223755e-01   1.3099438e+00
   4.9395777e-01   1.4943855e+00
   4.9632998e-01   1.9334803e+00
   5.0296084e-01   2.5129204e+00
   5.1415029e-01   2.1211199e+00
   5.1568000e-01   2.8386726e+00
   5.1624113e-01   2.3051514e+00
   5.1649764e-01   2.6591410e+00
   5.1753341e-01  -3.0554227e+00
   5.2488596e-01   1.7234947e+00
   5.3276383e-01   2.9813055e+00
   5.3563709e-01   1.0236334e+00
   5.3693245e-01  -2.4348181e+00
   5.4671957e-01   8.5495418e-01
   5.5351042e-01  -2.8032403e+00
   5.5889307e-01   1.1594155e+00
   5.6031764e-01   1.5390537e+00
   5.6905424e-01  -2.6616746e+00
   5.7126458e-01   1.8679742e+00
   5.7266481e-01   1.3333552e+00
   5.7737780e-01   3.0914501e+00
   5.7854162e-01   2.4272576e+00
   5.8373484e-01   2.0335541e+00
   5.8477381e-01  -2.9389367e+00
   5.9228740e-01   2.2260542e+00
   5.9958256e-01   2.6683578e+00
   6.0415275e-01   2.8149129e+00
   6.0601775e-01   1.6763865e+00
   6.0665751e-01  -2.5264870e+00
   6.2052124e-01   9.6675335e-01
   6.2157767e-01   2.5304714e+00
   6.2293234e-01  -3.0677996e+00
   6.2753399e-01   1.4267022e+00
   6.2977183e-01   8.0165323e-01
   6.3778001e-01   1.2164042e+00
   6.3826412e-01   2.9219428e+00
   6.4484378e-01   2.3209816e+00
   6.4846954e-01  -2.7436919e+00
   6.4909085e-01   1.7983755e+00
   6.5057438e-01   2.1148954e+00
   6.5559493e-01   1.0822568e+00
   6.5791096e-01   1.9419223e+00
   6.6051112e-01  -2.8783798e+00
   6.6055853e-01   1.5651446e+00
   6.6058934e-01   3.0419119e+00
   6.7318936e-01  -2.4383655e+00
   6.7475386e-01  -2.6119143e+00
   6.8379209e-01   2.6839671e+00
   6.9148424e-01   1.3250534e+00
   6.9429092e-01   9.0163776e-01
   6.9551774e-01  -3.0620772e+00
   7.0029612e-01   2.4263511e+00
   7.0767886e-01   2.7966229e+00
   7.0978679e-01   2.5461469e+00
   7.1015187e-01   1.6753068e+00
   7.1310487e-01   2.1752650e+00
   7.1798947e-01   1.4659583e+00
   7.2163691e-01   1.9922779e+00
   7.2420416e-01  -2.9298012e+00
   7.2698500e-01   3.0909610e+00
   7.2960718e-01   2.2964498e+00
   7.3046728e-01  -2.7476031e+00
   7.3098636e-01   1.8079626e+00
   7.3101792e-01   1.2056203e+00
   7.3304784e-01   1.0591363e+00
   7.3453798e-01   2.9103143e+00
   7.4327564e-01  -2.5607827e+00
   7.5205867e-01   8.1953836e-01
   7.5830992e-01  -2.4368467e+00
   7.6702403e-01   1.5956191e+00
   7.6829673e-01   2.6402443e+00
   7.7229780e-01   9.5978485e-01
   7.7298921e-01   2.0810132e+00
   7.7404549e-01   1.3433774e+00
   7.7887920e-01  -3.0418706e+00
   7.7898160e-01   1.8957911e+00
   7.8214959e-01   2.9755488e+00
   7.8571492e-01  -2.8287944e+00
   7.8855201e-01  -2.6653449e+00
   7.8890872e-01   2.4261303e+00
   7.9162383e-01   2.7724963e+00
   7.9825855e-01   1.1556230e+00
   8.0581376e-01   2.2141008e+00
   8.1015381e-01   2.5307207e+00
   8.2203919e-01   2.3277508e+00
   8.3177063e-01  -2.5315846e+00
   8.3712495e-01   8.2340613e-01
   8.3875439e-01   1.0460386e+00
   8.3994456e-01   2.0435350e+00
   8.5331854e-01  -2.4283879e+00
   8.5597672e-01   9.2297288e-01
   8.6853474e-01   2.1696818e+00
   8.8735595e-01   2.4365900e+00
   9.0418026e-01   2.3192959e+00
   9.2922329e-01   8.3916185e-01
   3.0991964e+00  -2.8227270e+00
   3.0571492e+00  -1.4559289e+00
   3.0222659e+00   2.4670796e+00
   3.0211115e+00  -3.0288483e+00
   3.0103652e+00  -2.2160626e+00
   2.9762458e+00  -1.2961680e+00
   2.9569621e+00  -1.8150574e+00
   2.9523441e+00   2.7016683e+00
   2.9522976e+00  -2.5329617e+00
   2.9415598e+00  -3.0745737e+00
   2.9258039e+00  -8.9658393e-01
   2.8985415e+00  -2.1486949e+00
   2.8929425e+00  -1.6076261e+00
   2.8891337e+00  -1.2294492e+00
   2.8879879e+00  -2.8215281e+00
   2.8801430e+00   2.8961813e+00
   2.8701483e+00   2.4879645e+00
   2.8649829e+00  -2.4447983e+00
   2.8479243e+00  -1.9395254e+00
   2.8377637e+00   3.1237076e+00
   2.8264435e+00  -9.6405797e-01
   2.8180382e+00  -1.5661739e+00
   2.8151275e+00   2.7040895e+00
   2.8110497e+00  -1.2760941e+00
   2.8093879e+00  -2.6785431e+00
   2.7995061e+00  -2.9324668e+00
   2.7908061e+00  -2.3538671e+00
   2.7867020e+00  -2.1222005e+00
   2.7849364e+00   2.3862991e+00
   2.7794536e+00  -1.7902782e+00
   2.7594483e+00   2.8722289e+00
   2.7549230e+00   3.0728357e+00
   2.7535613e+00  -1.0504500e+00
   2.7399821e+00   2.5959947e+00
   2.7373309e+00  -1.3351963e+00
   2.7364395e+00  -2.5693303e+00
   2.7301430e+00  -1.5463800e+00
   2.7211112e+00  -1.9358745e+00
   2.7180496e+00  -2.9449750e+00
   2.7084023e+00  -2.7511717e+00
   2.7058041e+00  -2.1600329e+00
   2.7024088e+00  -2.3759308e+00
   2.7011847e+00   2.3851819e+00
   2.6883660e+00  -1.7151999e+00
   2.6842798e+00  -9.2132585e-01
   2.6832908e+00  -1.1436254e+00
   2.6828766e+00  -3.1092873e+00
   2.6774699e+00   2.7449151e+00
   2.6682725e+00   2.9217680e+00
   2.6497780e+00   2.5693366e+00
   2.6493551e+00  -1.3099438e+00
   2.6476349e+00  -1.4943855e+00
   2.6452627e+00  -1.9334803e+00
   2.6386318e+00  -2.5129204e+00
   2.6274424e+00  -2.1211199e+00
   2.6259127e+00  -2.8386726e+00
   2.6253515e+00  -2.3051514e+00
   2.6250950e+00  -2.6591410e+00
   2.6240592e+00   3.0554227e+00
   2.6167067e+00  -1.7234947e+00
   2.6088288e+00  -2.9813055e+00
   2.6059556e+00  -1.0236334e+00
   2.6046602e+00   2.4348181e+00
   2.5948731e+00  -8.5495418e-01
   2.5880822e+00   2.8032403e+00
   2.5826996e+00  -1.1594155e+00
   2.5812750e+00  -1.5390537e+00
   2.5725384e+00   2.6616746e+00
   2.5703281e+00  -1.8679742e+00
   2.5689278e+00  -1.3333552e+00
   2.5642148e+00  -3.0914501e+00
   2.5630510e+00  -2.4272576e+00
   2.5578578e+00  -2.0335541e+00
   2.5568188e+00   2.9389367e+00
   2.5493053e+00  -2.2260542e+00
   2.5420101e+00  -2.6683578e+00
   2.5374399e+00  -2.8149129e+00
   2.5355749e+00  -1.6763865e+00
   2.5349351e+00   2.5264870e+00
   2.5210714e+00  -9.6675335e-01
   2.5200150e+00  -2.5304714e+00
   2.5186603e+00   3.0677996e+00
   2.5140587e+00  -1.4267022e+00
   2.5118208e+00  -8.0165323e-01
   2.5038126e+00  -1.2164042e+00
   2.5033285e+00  -2.9219428e+00
   2.4967489e+00  -2.3209816e+00
   2.4931231e+00   2.7436919e+00
   2.4925018e+00  -1.7983755e+00
   2.4910183e+00  -2.1148954e+00
   2.4859977e+00  -1.0822568e+00
   2.4836817e+00  -1.9419223e+00
   2.4810815e+00   2.8783798e+00
   2.4810341e+00  -1.5651446e+00
   2.4810033e+00  -3.0419119e+00
   2.4684033e+00   2.4383655e+00
   2.4668388e+00   2.6119143e+00
   2.4578006e+00  -2.6839671e+00
   2.4501084e+00  -1.3250534e+00
   2.4473017e+00  -9.0163776e-01
   2.4460749e+00   3.0620772e+00
   2.4412965e+00  -2.4263511e+00
   2.4339138e+00  -2.7966229e+00
   2.4318059e+00  -2.5461469e+00
   2.4314408e+00  -1.6753068e+00
   2.4284878e+00  -2.1752650e+00
   2.4236032e+00  -1.4659583e+00
   2.4199557e+00  -1.9922779e+00
   2.4173885e+00   2.9298012e+00
   2.4146077e+00  -3.0909610e+00
   2.4119855e+00  -2.2964498e+00
   2.4111254e+00   2.7476031e+00
   2.4106063e+00  -1.8079626e+00
   2.4105747e+00  -1.2056203e+00
   2.4085448e+00  -1.0591363e+00
   2.4070547e+00  -2.9103143e+00
   2.3983170e+00   2.5607827e+00
   2.3895340e+00  -8.1953836e-01
   2.3832827e+00   2.4368467e+00
   2.3745686e+00  -1.5956191e+00
   2.3732959e+00  -2.6402443e+00
   2.3692949e+00  -9.5978485e-01
   2.3686034e+00  -2.0810132e+00
   2.3675472e+00  -1.3433774e+00
   2.3627134e+00   3.0418706e+00
   2.3626111e+00  -1.8957911e+00
   2.3594431e+00  -2.9755488e+00
   2.3558777e+00   2.8287944e+00
   2.3530406e+00   2.6653449e+00
   2.3526839e+00  -2.4261303e+00
   2.3499688e+00  -2.7724963e+00
   2.3433341e+00  -1.1556230e+00
   2.3357789e+00  -2.2141008e+00
   2.3314388e+00  -2.5307207e+00
   2.3195535e+00  -2.3277508e+00
   2.3098220e+00   2.5315846e+00
   2.3044677e+00  -8.2340613e-01
   2.3028383e+00  -1.0460386e+00
   2.3016481e+00  -2.0435350e+00
   2.2882741e+00   2.4283879e+00
   2.2856159e+00  -9.2297288e-01
   2.2730579e+00  -2.1696818e+00
   2.2542367e+00  -2.4365900e+00
   2.2374124e+00  -2.3192959e+00
   2.2123694e+00  -8.3916185e-01
   1.5305384e+00   1.5840943e+00
   1.5804635e+00   1.6546859e+00
   1.4776873e+00   1.4960585e+00
   1.4510838e+00   1.5844163e+00
   1.4920195e+00   1.6758569e+00
   1.6154474e+00   1.7300532e+00
   1.5263840e+00   1.7500648e+00
   1.3997548e+00   1.4894049e+00
   1.4157986e+00   1.6799013e+00
   1.3712186e+00   1.5843730e+00
   1.7048677e+00   1.7403915e+00
   1.4389477e+00   1.7755737e+00
   1.5617346e+00   1.8192847e+00
   1.6545115e+00   1.8092511e+00
   1.3303323e+00   1.6521632e+00
   1.3173554e+00   1.5058790e+00
   1.3562968e+00   1.4031503e+00
   1.3597960e+00   1.7510080e+00
   1.4662740e+00   1.8457383e+00
   1.2670176e+00   1.5651891e+00
   1.7484650e+00   1.8324797e+00
   1.5722660e+00   1.8943475e+00
   1.2760562e+00   1.4283190e+00
   1.6652056e+00   1.8880450e+00
   1.2747039e+00   1.7236933e+00
   1.2364573e+00   1.6445874e+00
   1.3259352e+00   1.8245518e+00
   1.3877323e+00   1.8765546e+00
   1.3137753e+00   1.3207310e+00
   1.4935854e+00   1.9249638e+00
   1.2031029e+00   1.4642481e+00
   1.1850886e+00   1.5428301e+00
   1.7600406e+00   1.9116125e+00
   1.2300940e+00   1.3538782e+00
   1.6627418e+00   1.9650252e+00
   1.2330504e+00   1.7990045e+00
   1.5805605e+00   1.9821367e+00
   1.4245389e+00   1.9664515e+00
   1.1559226e+00   1.6586406e+00
   1.1721398e+00   1.7450244e+00
   1.3340034e+00   1.9401516e+00
   1.2592431e+00   1.8855409e+00
   1.2555445e+00   1.2579706e+00
   1.5077443e+00   2.0199175e+00
   1.8411030e+00   1.9443140e+00
   1.7551345e+00   1.9928227e+00
   1.1123379e+00   1.5867462e+00
   1.1451832e+00   1.3797476e+00
   1.1097624e+00   1.4595786e+00
   1.1625594e+00   1.2884382e+00
   1.6929855e+00   2.0488379e+00
   1.6069965e+00   2.0635353e+00
   1.4010330e+00   2.0394855e+00
   1.1703129e+00   1.8836975e+00
   1.3106824e+00   2.0194759e+00
   1.0807415e+00   1.7383050e+00
   1.2336712e+00   1.9695244e+00
   1.1180118e+00   1.8284288e+00
   1.0553739e+00   1.5218404e+00
   1.4945000e+00   2.0906216e+00
   1.0455741e+00   1.6646269e+00
   1.8395585e+00   2.0399198e+00
   1.1712750e+00   1.2019318e+00
   1.9189661e+00   2.0012862e+00
   1.0519572e+00   1.3684857e+00
   1.7844512e+00   2.0912997e+00
   1.5876641e+00   2.1308872e+00
   1.0724601e+00   1.2836353e+00
   1.4117990e+00   2.1218675e+00
   1.6986015e+00   2.1305779e+00
   9.9423707e-01   1.6034353e+00
   1.1449124e+00   1.9750756e+00
   1.3222034e+00   2.1046084e+00
   9.9951049e-01   1.4383322e+00
   1.2236842e+00   2.0608953e+00
   1.0445619e+00   1.8727958e+00
   1.0027078e+00   1.7887784e+00
   1.5107279e+00   2.1742019e+00
   1.0864523e+00   1.1899079e+00
   1.9073691e+00   2.1025149e+00
   1.0736471e+00   1.9607487e+00
   9.4981757e-01   1.5178849e+00
   1.6552090e+00   2.1933870e+00
   1.9928487e+00   2.0531632e+00
   1.7789160e+00   2.1781892e+00
   9.5024063e-01   1.7310502e+00
   1.1485653e+00   2.0737994e+00
   9.8028812e-01   1.2851916e+00
   1.4339913e+00   2.2073536e+00
   1.2519094e+00   2.1480162e+00
   1.8609737e+00   2.1673601e+00
   1.3471803e+00   2.1949201e+00
   9.3677378e-01   1.3713407e+00
   1.5742640e+00   2.2313471e+00
   9.1405852e-01   1.6479715e+00
   1.0751876e+00   1.0946657e+00
   1.0014263e+00   1.1866613e+00
   9.6826001e-01   1.9164065e+00
   1.7265586e+00   2.2473418e+00
   1.9789441e+00   2.1492956e+00
   8.7791294e-01   1.5045951e+00
   1.0627018e+00   2.0757137e+00
   9.1249601e-01   1.8524108e+00
   1.0009314e+00   2.0198453e+00
   1.5027323e+00   2.2782446e+00
   1.1898600e+00   2.1893168e+00
   1.6396945e+00   2.2860590e+00
   1.2971272e+00   2.2473375e+00
   8.6618771e-01   1.3869565e+00
   8.4495065e-01   1.6157837e+00
   1.1125716e+00   2.1603630e+00
   9.0701608e-01   1.2396019e+00
   1.4132928e+00   2.2876945e+00
   1.8115340e+00   2.2680599e+00
   1.9045870e+00   2.2363900e+00
   8.6005139e-01   1.7749286e+00
   9.6947024e-01   1.1036994e+00
   2.0558836e+00   2.1704681e+00
   1.0194084e+00   1.0203931e+00
   1.5535703e+00   2.3376664e+00
   9.1550229e-01   2.0055976e+00
   1.9826574e+00   2.2442459e+00
   1.2227992e+00   2.2760132e+00
   1.7290629e+00   2.3318077e+00
   7.9680910e-01   1.4728436e+00
   1.3445424e+00   2.3229186e+00
   8.0222020e-01   1.7335553e+00
   8.3252768e-01   1.2720918e+00
   8.8872828e-01   1.1385451e+00
   1.0055930e+00   2.1545790e+00
   8.4520396e-01   1.9210298e+00
   1.8638267e+00   2.3246869e+00
   1.1232851e+00   2.2656172e+00
   9.3553807e-01   2.1132044e+00
   1.0436837e+00   2.2346223e+00
   9.2000136e-01   1.0095904e+00
   2.1000016e+00   2.2537507e+00
   1.9526614e+00   2.3374012e+00
   1.2249014e+00   2.3527649e+00
   9.6450546e-01   9.2744245e-01
   2.0439931e+00   2.3138593e+00
   1.1259312e+00   2.3441162e+00
   9.3904876e-01   2.2429427e+00
   1.0064671e+00   2.3206378e+00
   2.1355897e+00   2.3542440e+00
   1.6110543e+00   1.5574984e+00
   1.5611292e+00   1.4869068e+00
   1.6639053e+00   1.6455342e+00
   1.6905088e+00   1.5571764e+00
   1.6495731e+00   1.4657358e+00
   1.5261453e+00   1.4115395e+00
   1.6152086e+00   1.3915279e+00
   1.7418379e+00   1.6521878e+00
   1.7257940e+00   1.4616914e+00
   1.7703741e+00   1.5572196e+00
   1.4367250e+00   1.4012011e+00
   1.7026450e+00   1.3660190e+00
   1.5798581e+00   1.3223080e+00
   1.4870811e+00   1.3323416e+00
   1.8112604e+00   1.4894295e+00
   1.8242372e+00   1.6357136e+00
   1.7852958e+00   1.7384423e+00
   1.7817967e+00   1.3905846e+00
   1.6753186e+00   1.2958544e+00
   1.8745751e+00   1.5764036e+00
   1.3931276e+00   1.3091130e+00
   1.5693267e+00   1.2472451e+00
   1.8655365e+00   1.7132736e+00
   1.4763871e+00   1.2535476e+00
   1.8668888e+00   1.4178993e+00
   1.9051353e+00   1.4970053e+00
   1.8156574e+00   1.3170409e+00
   1.7538603e+00   1.2650380e+00
   1.8278174e+00   1.8208616e+00
   1.6480072e+00   1.2166288e+00
   1.9384897e+00   1.6773445e+00
   1.9565041e+00   1.5987625e+00
   1.3815521e+00   1.2299801e+00
   1.9114986e+00   1.7877144e+00
   1.4788508e+00   1.1765674e+00
   1.9085423e+00   1.3425881e+00
   1.5610321e+00   1.1594559e+00
   1.7170537e+00   1.1751412e+00
   1.9856701e+00   1.4829521e+00
   1.9694529e+00   1.3965683e+00
   1.8075892e+00   1.2014410e+00
   1.8823496e+00   1.2560518e+00
   1.8860481e+00   1.8836220e+00
   1.6338484e+00   1.1216751e+00
   1.3004896e+00   1.1972786e+00
   1.3864581e+00   1.1487700e+00
   2.0292548e+00   1.5548464e+00
   1.9964095e+00   1.7618450e+00
   2.0318303e+00   1.6820141e+00
   1.9790333e+00   1.8531544e+00
   1.4486072e+00   1.0927548e+00
   1.5345962e+00   1.0780574e+00
   1.7405597e+00   1.1021071e+00
   1.9712798e+00   1.2578952e+00
   1.8309103e+00   1.1221167e+00
   2.0608511e+00   1.4032877e+00
   1.9079214e+00   1.1720683e+00
   2.0235808e+00   1.3131638e+00
   2.0862187e+00   1.6197523e+00
   1.6470927e+00   1.0509710e+00
   2.0960186e+00   1.4769658e+00
   1.3020341e+00   1.1016728e+00
   1.9703176e+00   1.9396608e+00
   1.2226266e+00   1.1403064e+00
   2.0896354e+00   1.7731069e+00
   1.3571414e+00   1.0502929e+00
   1.5539286e+00   1.0107055e+00
   2.0691326e+00   1.8579574e+00
   1.7297937e+00   1.0197251e+00
   1.4429912e+00   1.0110147e+00
   2.1473556e+00   1.5381574e+00
   1.9966802e+00   1.1665171e+00
   1.8193893e+00   1.0369842e+00
   2.1420822e+00   1.7032605e+00
   1.9179084e+00   1.0806974e+00
   2.0970307e+00   1.2687968e+00
   2.1388848e+00   1.3528143e+00
   1.6308648e+00   9.6739073e-01
   2.0551403e+00   1.9516847e+00
   1.2342235e+00   1.0390778e+00
   2.0679456e+00   1.1808440e+00
   2.1917751e+00   1.6237077e+00
   1.4863837e+00   9.4820563e-01
   1.1487439e+00   1.0884295e+00
   1.3626766e+00   9.6340347e-01
   2.1913520e+00   1.4105424e+00
   1.9930273e+00   1.0677933e+00
   2.1613045e+00   1.8564011e+00
   1.7076013e+00   9.3423907e-01
   1.8896833e+00   9.9357649e-01
   1.2806189e+00   9.7423258e-01
   1.7944123e+00   9.4667255e-01
   2.2048189e+00   1.7702519e+00
   1.5673287e+00   9.1024553e-01
   2.2275341e+00   1.4936212e+00
   2.0664050e+00   2.0469269e+00
   2.1401663e+00   1.9549314e+00
   2.1733326e+00   1.2251861e+00
   1.4150341e+00   8.9425087e-01
   1.1626485e+00   9.9229709e-01
   2.2636797e+00   1.6369975e+00
   2.0788908e+00   1.0658790e+00
   2.2290966e+00   1.2891818e+00
   2.1406613e+00   1.1217473e+00
   1.6388604e+00   8.6334801e-01
   1.9517326e+00   9.5227586e-01
   1.5018981e+00   8.5553366e-01
   1.8444655e+00   8.9425511e-01
   2.2754049e+00   1.7546362e+00
   2.2966420e+00   1.5258089e+00
   2.0290211e+00   9.8122964e-01
   2.2345766e+00   1.9019907e+00
   1.7282998e+00   8.5389819e-01
   1.3300587e+00   8.7353277e-01
   1.2370057e+00   9.0520268e-01
   2.2815413e+00   1.3666640e+00
   2.1721224e+00   2.0378932e+00
   1.0857090e+00   9.7112454e-01
   2.1221842e+00   2.1211996e+00
   1.5880223e+00   8.0392625e-01
   2.2260904e+00   1.1359951e+00
   1.1589352e+00   8.9734679e-01
   1.9187934e+00   8.6557941e-01
   1.4125297e+00   8.0978499e-01
   2.3447836e+00   1.6687491e+00
   1.7970503e+00   8.1867407e-01
   2.3393725e+00   1.4080374e+00
   2.3090650e+00   1.8695008e+00
   2.2528644e+00   2.0030476e+00
   2.1359996e+00   9.8701362e-01
   2.2963887e+00   1.2205628e+00
   1.2777660e+00   8.1690571e-01
   2.0183075e+00   8.7597543e-01
   2.2060546e+00   1.0283883e+00
   2.0979089e+00   9.0697040e-01
   2.2215913e+00   2.1320023e+00
   1.0415911e+00   8.8784198e-01
   1.1889312e+00   8.0419149e-01
   1.9166913e+00   7.8882779e-01
   2.1770872e+00   2.2141502e+00
   1.0975996e+00   8.2773334e-01
   2.0156615e+00   7.9747645e-01
   2.2025439e+00   8.9864999e-01
   2.1351255e+00   8.2095488e-01
   1.0060030e+00   7.8734864e-01
   1.6110543e+00  -1.5840943e+00
   1.5611292e+00  -1.6546859e+00
   1.6639053e+00  -1.4960585e+00
   1.6905088e+00  -1.5844163e+00
   1.6495731e+00  -1.6758569e+00
   1.5261453e+00  -1.7300532e+00
   1.6152086e+00  -1.7500648e+00
   1.7418379e+00  -1.4894049e+00
   1.7257940e+00  -1.6799013e+00
   1.7703741e+00  -1.5843730e+00
   1.4367250e+00  -1.7403915e+00
   1.7026450e+00  -1.7755737e+00
   1.5798581e+00  -1.8192847e+00
   1.4870811e+00  -1.8092511e+00
   1.8112604e+00  -1.6521632e+00
   1.8242372e+00  -1.5058790e+00
   1.7852958e+00  -1.4031503e+00
   1.7817967e+00  -1.7510080e+00
   1.6753186e+00  -1.8457383e+00
   1.8745751e+00  -1.5651891e+00
   1.3931276e+00  -1.8324797e+00
   1.5693267e+00  -1.8943475e+00
   1.8655365e+00  -1.4283190e+00
   1.4763871e+00  -1.8880450e+00
   1.8668888e+00  -1.7236933e+00
   1.9051353e+00  -1.6445874e+00
   1.8156574e+00  -1.8245518e+00
   1.7538603e+00  -1.8765546e+00
   1.8278174e+00  -1.3207310e+00
   1.6480072e+00  -1.9249638e+00
   1.9384897e+00  -1.4642481e+00
   1.9565041e+00  -1.5428301e+00
   1.3815521e+00  -1.9116125e+00
   1.9114986e+00  -1.3538782e+00
   1.4788508e+00  -1.9650252e+00
   1.9085423e+00  -1.7990045e+00
   1.5610321e+00  -1.9821367e+00
   1.7170537e+00  -1.9664515e+00
   1.9856701e+00  -1.6586406e+00
   1.9694529e+00  -1.7450244e+00
   1.8075892e+00  -1.9401516e+00
   1.8823496e+00  -1.8855409e+00
   1.8860481e+00  -1.2579706e+00
   1.6338484e+00  -2.0199175e+00
   1.3004896e+00  -1.9443140e+00
   1.3864581e+00  -1.9928227e+00
   2.0292548e+00  -1.5867462e+00
   1.9964095e+00  -1.3797476e+00
   2.0318303e+00  -1.4595786e+00
   1.9790333e+00  -1.2884382e+00
   1.4486072e+00  -2.0488379e+00
   1.5345962e+00  -2.0635353e+00
   1.7405597e+00  -2.0394855e+00
   1.9712798e+00  -1.8836975e+00
   1.8309103e+00  -2.0194759e+00
   2.0608511e+00  -1.7383050e+00
   1.9079214e+00  -1.9695244e+00
   2.0235808e+00  -1.8284288e+00
   2.0862187e+00  -1.5218404e+00
   1.6470927e+00  -2.0906216e+00
   2.0960186e+00  -1.6646269e+00
   1.3020341e+00  -2.0399198e+00
   1.9703176e+00  -1.2019318e+00
   1.2226266e+00  -2.0012862e+00
   2.0896354e+00  -1.3684857e+00
   1.3571414e+00  -2.0912997e+00
   1.5539286e+00  -2.1308872e+00
   2.0691326e+00  -1.2836353e+00
   1.7297937e+00  -2.1218675e+00
   1.4429912e+00  -2.1305779e+00
   2.1473556e+00  -1.6034353e+00
   1.9966802e+00  -1.9750756e+00
   1.8193893e+00  -2.1046084e+00
   2.1420822e+00  -1.4383322e+00
   1.9179084e+00  -2.0608953e+00
   2.0970307e+00  -1.8727958e+00
   2.1388848e+00  -1.7887784e+00
   1.6308648e+00  -2.1742019e+00
   2.0551403e+00  -1.1899079e+00
   1.2342235e+00  -2.1025149e+00
   2.0679456e+00  -1.9607487e+00
   2.1917751e+00  -1.5178849e+00
   1.4863837e+00  -2.1933870e+00
   1.1487439e+00  -2.0531632e+00
   1.3626766e+00  -2.1781892e+00
   2.1913520e+00  -1.7310502e+00
   1.9930273e+00  -2.0737994e+00
   2.1613045e+00  -1.2851916e+00
   1.7076013e+00  -2.2073536e+00
   1.8896833e+00  -2.1480162e+00
   1.2806189e+00  -2.1673601e+00
   1.7944123e+00  -2.1949201e+00
   2.2048189e+00  -1.3713407e+00
   1.5673287e+00  -2.2313471e+00
   2.2275341e+00  -1.6479715e+00
   2.0664050e+00  -1.0946657e+00
   2.1401663e+00  -1.1866613e+00
   2.1733326e+00  -1.9164065e+00
   1.4150341e+00  -2.2473418e+00
   1.1626485e+00  -2.1492956e+00
   2.2636797e+00  -1.5045951e+00
   2.0788908e+00  -2.0757137e+00
   2.2290966e+00  -1.8524108e+00
   2.1406613e+00  -2.0198453e+00
   1.6388604e+00  -2.2782446e+00
   1.9517326e+00  -2.1893168e+00
   1.5018981e+00  -2.2860590e+00
   1.8444655e+00  -2.2473375e+00
   2.2754049e+00  -1.3869565e+00
   2.2966420e+00  -1.6157837e+00
   2.0290211e+00  -2.1603630e+00
   2.2345766e+00  -1.2396019e+00
   1.7282998e+00  -2.2876945e+00
   1.3300587e+00  -2.2680599e+00
   1.2370057e+00  -2.2363900e+00
   2.2815413e+00  -1.7749286e+00
   2.1721224e+00  -1.1036994e+00
   1.0857090e+00  -2.1704681e+00
   2.1221842e+00  -1.0203931e+00
   1.5880223e+00  -2.3376664e+00
   2.2260904e+00  -2.0055976e+00
   1.1589352e+00  -2.2442459e+00
   1.9187934e+00  -2.2760132e+00
   1.4125297e+00  -2.3318077e+00
   2.3447836e+00  -1.4728436e+00
   1.7970503e+00  -2.3229186e+00
   2.3393725e+00  -1.7335553e+00
   2.3090650e+00  -1.2720918e+00
   2.2528644e+00  -1.1385451e+00
   2.1359996e+00  -2.1545790e+00
   2.2963887e+00  -1.9210298e+00
   1.2777660e+00  -2.3246869e+00
   2.0183075e+00  -2.2656172e+00
   2.2060546e+00  -2.1132044e+00
   2.0979089e+00  -2.2346223e+00
   2.2215913e+00  -1.0095904e+00
   1.0415911e+00  -2.2537507e+00
   1.1889312e+00  -2.3374012e+00
   1.9166913e+00  -2.3527649e+00
   2.1770872e+00  -9.2744245e-01
   1.0975996e+00  -2.3138593e+00
   2.0156615e+00  -2.3441162e+00
   2.2025439e+00  -2.2429427e+00
   2.1351255e+00  -2.3206378e+00
   1.0060030e+00  -2.3542440e+00
   1.5305384e+00  -1.5574984e+00
   1.5804635e+00  -1.4869068e+00
   1.4776873e+00  -1.6455342e+00
   1.4510838e+00  -1.5571764e+00
   1.4920195e+00  -1.4657358e+00
   1.6154474e+00  -1.4115395e+00
   1.5263840e+00  -1.3915279e+00
   1.3997548e+00  -1.6521878e+00
   1.4157986e+00  -1.4616914e+00
   1.3712186e+00  -1.5572196e+00
   1.7048677e+00  -1.4012011e+00
   1.4389477e+00  -1.3660190e+00
   1.5617346e+00  -1.3223080e+00
   1.6545115e+00  -1.3323416e+00
   1.3303323e+00  -1.4894295e+00
   1.3173554e+00  -1.6357136e+00
   1.3562968e+00  -1.7384423e+00
   1.3597960e+00  -1.3905846e+00
   1.4662740e+00  -1.2958544e+00
   1.2670176e+00  -1.5764036e+00
   1.7484650e+00  -1.3091130e+00
   1.5722660e+00  -1.2472451e+00
   1.2760562e+00  -1.7132736e+00
   1.6652056e+00  -1.2535476e+00
   1.2747039e+00  -1.4178993e+00
   1.2364573e+00  -1.4970053e+00
   1.3259352e+00  -1.3170409e+00
   1.3877323e+00  -1.2650380e+00
   1.3137753e+00  -1.8208616e+00
   1.4935854e+00  -1.2166288e+00
   1.2031029e+00  -1.6773445e+00
   1.1850886e+00  -1.5987625e+00
   1.7600406e+00  -1.2299801e+00
   1.2300940e+00  -1.7877144e+00
   1.6627418e+00  -1.1765674e+00
   1.2330504e+00  -1.3425881e+00
   1.5805605e+00  -1.1594559e+00
   1.4245389e+00  -1.1751412e+00
   1.1559226e+00  -1.4829521e+00
   1.1721398e+00  -1.3965683e+00
   1.3340034e+00  -1.2014410e+00
   1.2592431e+00  -1.2560518e+00
   1.2555445e+00  -1.8836220e+00
   1.5077443e+00  -1.1216751e+00
   1.8411030e+00  -1.1972786e+00
   1.7551345e+00  -1.1487700e+00
   1.1123379e+00  -1.5548464e+00
   1.1451832e+00  -1.7618450e+00
   1.1097624e+00  -1.6820141e+00
   1.1625594e+00  -1.8531544e+00
   1.6929855e+00  -1.0927548e+00
   1.6069965e+00  -1.0780574e+00
   1.4010330e+00  -1.1021071e+00
   1.1703129e+00  -1.2578952e+00
   1.3106824e+00  -1.1221167e+00
   1.0807415e+00  -1.4032877e+00
   1.2336712e+00  -1.1720683e+00
   1.1180118e+00  -1.3131638e+00
   1.0553739e+00  -1.6197523e+00
   1.4945000e+00  -1.0509710e+00
   1.0455741e+00  -1.4769658e+00
   1.8395585e+00  -1.1016728e+00
   1.1712750e+00  -1.9396608e+00
   1.9189661e+00  -1.1403064e+00
   1.0519572e+00  -1.7731069e+00
   1.7844512e+00  -1.0502929e+00
   1.5876641e+00  -1.0107055e+00
   1.0724601e+00  -1.8579574e+00
   1.4117990e+00  -1.0197251e+00
   1.6986015e+00  -1.0110147e+00
   9.9423707e-01  -1.5381574e+00
   1.1449124e+00  -1.1665171e+00
   1.3222034e+00  -1.0369842e+00
   9.9951049e-01  -1.7032605e+00
   1.2236842e+00  -1.0806974e+00
   1.0445619e+00  -1.2687968e+00
   1.0027078e+00  -1.3528143e+00
   1.5107279e+00  -9.6739073e-01
   1.0864523e+00  -1.9516847e+00
   1.9073691e+00  -1.0390778e+00
   1.0736471e+00  -1.1808440e+00
   9.4981757e-01  -1.6237077e+00
   1.6552090e+00  -9.4820563e-01
   1.9928487e+00  -1.0884295e+00
   1.7789160e+00  -9.6340347e-01
   9.5024063e-01  -1.4105424e+00
   1.1485653e+00  -1.0677933e+00
   9.8028812e-01  -1.8564011e+00
   1.4339913e+00  -9.3423907e-01
   1.2519094e+00  -9.9357649e-01
   1.8609737e+00  -9.7423258e-01
   1.3471803e+00  -9.4667255e-01
   9.3677378e-01  -1.7702519e+00
   1.5742640e+00  -9.1024553e-01
   9.1405852e-01  -1.4936212e+00
   1.0751876e+00  -2.0469269e+00
   1.0014263e+00  -1.9549314e+00
   9.6826001e-01  -1.2251861e+00
   1.7265586e+00  -8.9425087e-01
   1.9789441e+00  -9.9229709e-01
   8.7791294e-01  -1.6369975e+00
   1.0627018e+00  -1.0658790e+00
   9.1249601e-01  -1.2891818e+00
   1.0009314e+00  -1.1217473e+00
   1.5027323e+00  -8.6334801e-01
   1.1898600e+00  -9.5227586e-01
   1.6396945e+00  -8.5553366e-01
   1.2971272e+00  -8.9425511e-01
   8.6618771e-01  -1.7546362e+00
   8.4495065e-01  -1.5258089e+00
   1.1125716e+00  -9.8122964e-01
   9.0701608e-01  -1.9019907e+00
   1.4132928e+00  -8.5389819e-01
   1.8115340e+00  -8.7353277e-01
   1.9045870e+00  -9.0520268e-01
   8.6005139e-01  -1.3666640e+00
   9.6947024e-01  -2.0378932e+00
   2.0558836e+00  -9.7112454e-01
   1.0194084e+00  -2.1211996e+00
   1.5535703e+00  -8.0392625e-01
   9.1550229e-01  -1.1359951e+00
   1.9826574e+00  -8.9734679e-01
   1.2227992e+00  -8.6557941e-01
   1.7290629e+00  -8.0978499e-01
   7.9680910e-01  -1.6687491e+00
   1.3445424e+00  -8.1867407e-01
   8.0222020e-01  -1.4080374e+00
   8.3252768e-01  -1.8695008e+00
   8.8872828e-01  -2.0030476e+00
   1.0055930e+00  -9.8701362e-01
   8.4520396e-01  -1.2205628e+00
   1.8638267e+00  -8.1690571e-01
   1.1232851e+00  -8.7597543e-01
   9.3553807e-01  -1.0283883e+00
   1.0436837e+00  -9.0697040e-01
   9.2000136e-01  -2.1320023e+00
   2.1000016e+00  -8.8784198e-01
   1.9526614e+00  -8.0419149e-01
   1.2249014e+00  -7.8882779e-01
   9.6450546e-01  -2.2141502e+00
   2.0439931e+00  -8.2773334e-01
   1.1259312e+00  -7.9747645e-01
   9.3904876e-01  -8.9864999e-01
   1.0064671e+00  -8.2095488e-01
   2.1355897e+00  -7.8734864e-01
   1.5575091e+00  -4.0261513e-02
   1.4869107e+00   9.7012482e-03
   1.6452099e+00  -9.3368135e-02
   1.5572739e+00  -1.1972349e-01
   1.4660628e+00  -7.9211744e-02
   1.4116995e+00   4.5222584e-02
   1.3917066e+00  -4.5134639e-02
   1.6509975e+00  -1.7159859e-01
   1.4630044e+00  -1.5590991e-01
   1.5574891e+00  -1.9959566e-01
   1.4027376e+00   1.3599903e-01
   1.3678213e+00  -1.3462871e-01
   1.3223184e+00  -9.3488592e-03
   1.3331928e+00   8.6141107e-02
   1.4917756e+00  -2.4123168e-01
   1.6336371e+00  -2.5395321e-01
   1.7345653e+00  -2.1745486e-01
   1.3946237e+00  -2.1436894e-01
   1.2973935e+00  -1.0856989e-01
   1.5761469e+00  -3.0378326e-01
   1.3133266e+00   1.8379268e-01
   1.2472455e+00   1.5500742e-03
   1.7070905e+00  -2.9758309e-01
   1.2550094e+00   9.9336242e-02
   1.4246017e+00  -2.9938338e-01
   1.5010981e+00  -3.3518458e-01
   1.3247692e+00  -2.5262664e-01
   1.2703081e+00  -1.9175584e-01
   1.8124806e+00  -2.6489691e-01
   1.2177302e+00  -8.2297738e-02
   1.6701983e+00  -3.6960505e-01
   1.5967075e+00  -3.8584408e-01
   1.2363049e+00   2.0049490e-01
   1.7750640e+00  -3.4823962e-01
   1.1783240e+00   9.9535860e-02
   1.3556900e+00  -3.4604298e-01
   1.1594767e+00   1.0652728e-02
   1.1795964e+00  -1.5830674e-01
   1.4904210e+00  -4.1630070e-01
   1.4103543e+00  -4.0414300e-01
   1.2122212e+00  -2.5321720e-01
   1.2716859e+00  -3.2655335e-01
   1.8677223e+00  -3.3021317e-01
   1.1226326e+00  -6.9971824e-02
   1.2114705e+00   2.8926143e-01
   1.1563643e+00   2.0161097e-01
   1.5564936e+00  -4.5850891e-01
   1.7446181e+00  -4.3255976e-01
   1.6703614e+00  -4.6350781e-01
   1.8293936e+00  -4.2316234e-01
   1.0966140e+00   1.3743340e-01
   1.0784091e+00   4.1082753e-02
   1.1093723e+00  -1.8981942e-01
   1.2833928e+00  -4.1866219e-01
   1.1382497e+00  -2.8721300e-01
   1.4231567e+00  -4.9593133e-01
   1.1956680e+00  -3.6344511e-01
   1.3396257e+00  -4.6612311e-01
   1.6133880e+00  -5.1593671e-01
   1.0526352e+00  -8.7852788e-02
   1.4896430e+00  -5.2713690e-01
   1.1197869e+00   2.9949744e-01
   1.9093908e+00  -4.2507816e-01
   1.1676911e+00   3.7998566e-01
   1.7461837e+00  -5.2775845e-01
   1.0632788e+00   2.4505910e-01
   1.0107947e+00   1.9909108e-02
   1.8222208e+00  -5.1608669e-01
   1.0274588e+00  -1.8603682e-01
   1.0161175e+00   1.5050528e-01
   1.5434351e+00  -5.7680276e-01
   1.2044364e+00  -4.5837415e-01
   1.0550578e+00  -2.8674144e-01
   1.6821303e+00  -5.7529543e-01
   1.1122563e+00  -3.8911843e-01
   1.3106842e+00  -5.4657593e-01
   1.3874792e+00  -5.7900367e-01
   9.6863312e-01  -7.2909441e-02
   1.9060274e+00  -5.1562108e-01
   1.0717735e+00   3.8560740e-01
   1.2301183e+00  -5.3054404e-01
   1.6138229e+00  -6.2164161e-01
   9.5075922e-01   1.0378237e-01
   1.1338528e+00   4.6912906e-01
   9.7832492e-01   2.5172141e-01
   1.4406108e+00  -6.2666903e-01
   1.1155062e+00  -4.7380539e-01
   1.8070147e+00  -6.0977960e-01
   9.4112815e-01  -1.6955007e-01
   1.0260689e+00  -3.7531222e-01
   1.0023589e+00   3.4639905e-01
   9.6448959e-01  -2.7324429e-01
   1.7311104e+00  -6.4360747e-01
   9.1025020e-01   4.3913557e-03
   1.5096972e+00  -6.5817976e-01
   1.9858023e+00  -5.4647738e-01
   1.8919231e+00  -6.0424982e-01
   1.2879254e+00  -6.3129321e-01
   9.0393440e-01   1.9873468e-01
   1.0450541e+00   4.7673543e-01
   1.6217168e+00  -6.9396134e-01
   1.1344551e+00  -5.6665195e-01
   1.3491525e+00  -6.7784267e-01
   1.1966174e+00  -6.1826680e-01
   8.6532630e-01  -8.9454459e-02
   1.0024176e+00  -4.5687932e-01
   8.5759289e-01   9.1156826e-02
   9.2379065e-01  -3.4556113e-01
   1.7105241e+00  -7.1300631e-01
   1.5371535e+00  -7.2634825e-01
   1.0487633e+00  -5.3556711e-01
   1.8298112e+00  -6.9106654e-01
   8.6463679e-01  -2.0764132e-01
   8.9745050e-01   3.0992300e-01
   9.4783449e-01   4.1523482e-01
   1.4165506e+00  -7.2113434e-01
   1.9512136e+00  -6.5517128e-01
   1.0480490e+00   5.6824759e-01
   2.0325478e+00  -6.2506590e-01
   8.0406920e-01  -2.3919929e-02
   1.2302732e+00  -7.0300780e-01
   9.6242490e-01   5.0961891e-01
   9.1556280e-01  -4.4458531e-01
   8.2162142e-01   2.1693339e-01
   1.6407904e+00  -7.7638925e-01
   8.4226033e-01  -3.0537210e-01
   1.4540395e+00  -7.7522572e-01
   1.7902142e+00  -7.6085448e-01
   1.9020114e+00  -7.2968195e-01
   1.0866378e+00  -6.4993902e-01
   1.3112024e+00  -7.5677899e-01
   8.5621273e-01   3.9239615e-01
   9.5549986e-01  -5.5849070e-01
   1.1423052e+00  -7.1069826e-01
   1.0092418e+00  -6.3640614e-01
   2.0080197e+00  -7.3249330e-01
   9.9469327e-01   6.4602606e-01
   8.7143655e-01   5.0861114e-01
   8.4605586e-01  -4.6996361e-01
   2.0862890e+00  -7.1409229e-01
   9.2453612e-01   6.0754201e-01
   8.8856377e-01  -5.8768702e-01
   1.0443198e+00  -7.5193454e-01
   9.5715167e-01  -7.1313227e-01
   9.3212845e-01   7.2969568e-01
   1.5575091e+00   3.1013311e+00
   1.4869107e+00  -3.1318914e+00
   1.6452099e+00   3.0482245e+00
   1.5572739e+00   3.0218692e+00
   1.4660628e+00   3.0623809e+00
   1.4116995e+00  -3.0963701e+00
   1.3917066e+00   3.0964580e+00
   1.6509975e+00   2.9699941e+00
   1.4630044e+00   2.9856827e+00
   1.5574891e+00   2.9419970e+00
   1.4027376e+00  -3.0055936e+00
   1.3678213e+00   3.0069639e+00
   1.3223184e+00   3.1322438e+00
   1.3331928e+00  -3.0554515e+00
   1.4917756e+00   2.9003610e+00
   1.6336371e+00   2.8876394e+00
   1.7345653e+00   2.9241378e+00
   1.3946237e+00   2.9272237e+00
   1.2973935e+00   3.0330228e+00
   1.5761469e+00   2.8378094e+00
   1.3133266e+00  -2.9578000e+00
   1.2472455e+00  -3.1400426e+00
   1.7070905e+00   2.8440096e+00
   1.2550094e+00  -3.0422564e+00
   1.4246017e+00   2.8422093e+00
   1.5010981e+00   2.8064081e+00
   1.3247692e+00   2.8889660e+00
   1.2703081e+00   2.9498368e+00
   1.8124806e+00   2.8766957e+00
   1.2177302e+00   3.0592949e+00
   1.6701983e+00   2.7719876e+00
   1.5967075e+00   2.7557486e+00
   1.2363049e+00  -2.9410978e+00
   1.7750640e+00   2.7933530e+00
   1.1783240e+00  -3.0420568e+00
   1.3556900e+00   2.7955497e+00
   1.1594767e+00  -3.1309399e+00
   1.1795964e+00   2.9832859e+00
   1.4904210e+00   2.7252920e+00
   1.4103543e+00   2.7374497e+00
   1.2122212e+00   2.8883755e+00
   1.2716859e+00   2.8150393e+00
   1.8677223e+00   2.8113795e+00
   1.1226326e+00   3.0716208e+00
   1.2114705e+00  -2.8523312e+00
   1.1563643e+00  -2.9399817e+00
   1.5564936e+00   2.6830837e+00
   1.7446181e+00   2.7090329e+00
   1.6703614e+00   2.6780848e+00
   1.8293936e+00   2.7184303e+00
   1.0966140e+00  -3.0041593e+00
   1.0784091e+00  -3.1005099e+00
   1.1093723e+00   2.9517732e+00
   1.2833928e+00   2.7229305e+00
   1.1382497e+00   2.8543797e+00
   1.4231567e+00   2.6456613e+00
   1.1956680e+00   2.7781475e+00
   1.3396257e+00   2.6754695e+00
   1.6133880e+00   2.6256559e+00
   1.0526352e+00   3.0537399e+00
   1.4896430e+00   2.6144558e+00
   1.1197869e+00  -2.8420952e+00
   1.9093908e+00   2.7165145e+00
   1.1676911e+00  -2.7616070e+00
   1.7461837e+00   2.6138342e+00
   1.0632788e+00  -2.8965336e+00
   1.0107947e+00  -3.1216835e+00
   1.8222208e+00   2.6255060e+00
   1.0274588e+00   2.9555558e+00
   1.0161175e+00  -2.9910874e+00
   1.5434351e+00   2.5647899e+00
   1.2044364e+00   2.6832185e+00
   1.0550578e+00   2.8548512e+00
   1.6821303e+00   2.5662972e+00
   1.1122563e+00   2.7524742e+00
   1.3106842e+00   2.5950167e+00
   1.3874792e+00   2.5625890e+00
   9.6863312e-01   3.0686832e+00
   1.9060274e+00   2.6259716e+00
   1.0717735e+00  -2.7559853e+00
   1.2301183e+00   2.6110486e+00
   1.6138229e+00   2.5199510e+00
   9.5075922e-01  -3.0378103e+00
   1.1338528e+00  -2.6724636e+00
   9.7832492e-01  -2.8898712e+00
   1.4406108e+00   2.5149236e+00
   1.1155062e+00   2.6677873e+00
   1.8070147e+00   2.5318131e+00
   9.4112815e-01   2.9720426e+00
   1.0260689e+00   2.7662804e+00
   1.0023589e+00  -2.7951936e+00
   9.6448959e-01   2.8683484e+00
   1.7311104e+00   2.4979852e+00
   9.1025020e-01  -3.1372013e+00
   1.5096972e+00   2.4834129e+00
   1.9858023e+00   2.5951153e+00
   1.8919231e+00   2.5373428e+00
   1.2879254e+00   2.5102994e+00
   9.0393440e-01  -2.9428580e+00
   1.0450541e+00  -2.6648572e+00
   1.6217168e+00   2.4476313e+00
   1.1344551e+00   2.5749407e+00
   1.3491525e+00   2.4637500e+00
   1.1966174e+00   2.5233259e+00
   8.6532630e-01   3.0521382e+00
   1.0024176e+00   2.6847133e+00
   8.5759289e-01  -3.0504358e+00
   9.2379065e-01   2.7960315e+00
   1.7105241e+00   2.4285863e+00
   1.5371535e+00   2.4152444e+00
   1.0487633e+00   2.6060255e+00
   1.8298112e+00   2.4505261e+00
   8.6463679e-01   2.9339513e+00
   8.9745050e-01  -2.8316697e+00
   9.4783449e-01  -2.7263578e+00
   1.4165506e+00   2.4204583e+00
   1.9512136e+00   2.4864214e+00
   1.0480490e+00  -2.5733451e+00
   2.0325478e+00   2.5165267e+00
   8.0406920e-01   3.1176727e+00
   1.2302732e+00   2.4385849e+00
   9.6242490e-01  -2.6319737e+00
   9.1556280e-01   2.6970073e+00
   8.2162142e-01  -2.9246593e+00
   1.6407904e+00   2.3652034e+00
   8.4226033e-01   2.8362206e+00
   1.4540395e+00   2.3663669e+00
   1.7902142e+00   2.3807382e+00
   1.9020114e+00   2.4119107e+00
   1.0866378e+00   2.4916536e+00
   1.3112024e+00   2.3848137e+00
   8.5621273e-01  -2.7491965e+00
   9.5549986e-01   2.5831020e+00
   1.1423052e+00   2.4308944e+00
   1.0092418e+00   2.5051865e+00
   2.0080197e+00   2.4090994e+00
   9.9469327e-01  -2.4955666e+00
   8.7143655e-01  -2.6329815e+00
   8.4605586e-01   2.6716290e+00
   2.0862890e+00   2.4275004e+00
   9.2453612e-01  -2.5340506e+00
   8.8856377e-01   2.5539056e+00
   1.0443198e+00   2.3896581e+00
   9.5715167e-01   2.4284604e+00
   9.3212845e-01  -2.4118970e+00
   1.5840835e+00  -3.1013311e+00
   1.6546819e+00   3.1318914e+00
   1.4963828e+00  -3.0482245e+00
   1.5843188e+00  -3.0218692e+00
   1.6755299e+00  -3.0623809e+00
   1.7298931e+00   3.0963701e+00
   1.7498861e+00  -3.0964580e+00
   1.4905951e+00  -2.9699941e+00
   1.6785882e+00  -2.9856827e+00
   1.5841035e+00  -2.9419970e+00
   1.7388550e+00   3.0055936e+00
   1.7737714e+00  -3.0069639e+00
   1.8192743e+00  -3.1322438e+00
   1.8083999e+00   3.0554515e+00
   1.6498171e+00  -2.9003610e+00
   1.5079556e+00  -2.8876394e+00
   1.4070274e+00  -2.9241378e+00
   1.7469689e+00  -2.9272237e+00
   1.8441991e+00  -3.0330228e+00
   1.5654458e+00  -2.8378094e+00
   1.8282661e+00   2.9578000e+00
   1.8943472e+00   3.1400426e+00
   1.4345022e+00  -2.8440096e+00
   1.8865832e+00   3.0422564e+00
   1.7169909e+00  -2.8422093e+00
   1.6404945e+00  -2.8064081e+00
   1.8168234e+00  -2.8889660e+00
   1.8712845e+00  -2.9498368e+00
   1.3291120e+00  -2.8766957e+00
   1.9238625e+00  -3.0592949e+00
   1.4713943e+00  -2.7719876e+00
   1.5448852e+00  -2.7557486e+00
   1.9052878e+00   2.9410978e+00
   1.3665287e+00  -2.7933530e+00
   1.9632687e+00   3.0420568e+00
   1.7859026e+00  -2.7955497e+00
   1.9821159e+00   3.1309399e+00
   1.9619962e+00  -2.9832859e+00
   1.6511717e+00  -2.7252920e+00
   1.7312384e+00  -2.7374497e+00
   1.9293714e+00  -2.8883755e+00
   1.8699068e+00  -2.8150393e+00
   1.2738704e+00  -2.8113795e+00
   2.0189600e+00  -3.0716208e+00
   1.9301222e+00   2.8523312e+00
   1.9852284e+00   2.9399817e+00
   1.5850990e+00  -2.6830837e+00
   1.3969745e+00  -2.7090329e+00
   1.4712313e+00  -2.6780848e+00
   1.3121991e+00  -2.7184303e+00
   2.0449787e+00   3.0041593e+00
   2.0631835e+00   3.1005099e+00
   2.0322204e+00  -2.9517732e+00
   1.8581999e+00  -2.7229305e+00
   2.0033430e+00  -2.8543797e+00
   1.7184360e+00  -2.6456613e+00
   1.9459246e+00  -2.7781475e+00
   1.8019669e+00  -2.6754695e+00
   1.5282046e+00  -2.6256559e+00
   2.0889574e+00  -3.0537399e+00
   1.6519496e+00  -2.6144558e+00
   2.0218058e+00   2.8420952e+00
   1.2322018e+00  -2.7165145e+00
   1.9739015e+00   2.7616070e+00
   1.3954089e+00  -2.6138342e+00
   2.0783139e+00   2.8965336e+00
   2.1307979e+00   3.1216835e+00
   1.3193719e+00  -2.6255060e+00
   2.1141339e+00  -2.9555558e+00
   2.1254752e+00   2.9910874e+00
   1.5981575e+00  -2.5647899e+00
   1.9371562e+00  -2.6832185e+00
   2.0865349e+00  -2.8548512e+00
   1.4594624e+00  -2.5662972e+00
   2.0293364e+00  -2.7524742e+00
   1.8309085e+00  -2.5950167e+00
   1.7541135e+00  -2.5625890e+00
   2.1729595e+00  -3.0686832e+00
   1.2355652e+00  -2.6259716e+00
   2.0698192e+00   2.7559853e+00
   1.9114744e+00  -2.6110486e+00
   1.5277698e+00  -2.5199510e+00
   2.1908334e+00   3.0378103e+00
   2.0077398e+00   2.6724636e+00
   2.1632677e+00   2.8898712e+00
   1.7009819e+00  -2.5149236e+00
   2.0260865e+00  -2.6677873e+00
   1.3345780e+00  -2.5318131e+00
   2.2004645e+00  -2.9720426e+00
   2.1155238e+00  -2.7662804e+00
   2.1392337e+00   2.7951936e+00
   2.1771031e+00  -2.8683484e+00
   1.4104822e+00  -2.4979852e+00
   2.2313425e+00   3.1372013e+00
   1.6318955e+00  -2.4834129e+00
   1.1557903e+00  -2.5951153e+00
   1.2496696e+00  -2.5373428e+00
   1.8536672e+00  -2.5102994e+00
   2.2376583e+00   2.9428580e+00
   2.0965385e+00   2.6648572e+00
   1.5198758e+00  -2.4476313e+00
   2.0071376e+00  -2.5749407e+00
   1.7924402e+00  -2.4637500e+00
   1.9449753e+00  -2.5233259e+00
   2.2762664e+00  -3.0521382e+00
   2.1391750e+00  -2.6847133e+00
   2.2839998e+00   3.0504358e+00
   2.2178020e+00  -2.7960315e+00
   1.4310685e+00  -2.4285863e+00
   1.6044391e+00  -2.4152444e+00
   2.0928294e+00  -2.6060255e+00
   1.3117814e+00  -2.4505261e+00
   2.2769559e+00  -2.9339513e+00
   2.2441422e+00   2.8316697e+00
   2.1937582e+00   2.7263578e+00
   1.7250420e+00  -2.4204583e+00
   1.1903791e+00  -2.4864214e+00
   2.0935436e+00   2.5733451e+00
   1.1090448e+00  -2.5165267e+00
   2.3375235e+00  -3.1176727e+00
   1.9113195e+00  -2.4385849e+00
   2.1791678e+00   2.6319737e+00
   2.2260299e+00  -2.6970073e+00
   2.3199712e+00   2.9246593e+00
   1.5008023e+00  -2.3652034e+00
   2.2993323e+00  -2.8362206e+00
   1.6875531e+00  -2.3663669e+00
   1.3513785e+00  -2.3807382e+00
   1.2395813e+00  -2.4119107e+00
   2.0549549e+00  -2.4916536e+00
   1.8303903e+00  -2.3848137e+00
   2.2853799e+00   2.7491965e+00
   2.1860928e+00  -2.5831020e+00
   1.9992875e+00  -2.4308944e+00
   2.1323508e+00  -2.5051865e+00
   1.1335730e+00  -2.4090994e+00
   2.1468994e+00   2.4955666e+00
   2.2701561e+00   2.6329815e+00
   2.2955368e+00  -2.6716290e+00
   1.0553037e+00  -2.4275004e+00
   2.2170565e+00   2.5340506e+00
   2.2530289e+00  -2.5539056e+00
   2.0972729e+00  -2.3896581e+00
   2.1844410e+00  -2.4284604e+00
   2.2094642e+00   2.4118970e+00
