   6.1381765e-01  -1.5403664e+00
   7.6777240e-01   5.0160562e-01
   2.3700037e+00   9.4194596e-01
   1.4769066e+00   1.3018834e-01
   2.2297405e+00  -2.4528702e+00
   7.6630116e-01  -2.7437842e+00
   1.1138316e+00  -2.0081836e-01
   1.8203218e+00  -1.9456205e+00
   1.6603440e+00  -1.6343775e+00
   2.2307364e+00   1.9367865e-01
   6.5957836e-01   1.7038074e+00
   2.0038961e+00   3.0255640e+00
   2.1259492e+00   1.0020849e+00
   1.7559422e+00  -2.6073388e+00
   2.2005355e+00  -1.7965398e+00
   2.3963658e+00  -1.7768482e-01
   1.6135181e+00  -5.1360984e-01
   1.0884779e+00   1.8530205e+00
   9.7364081e-01  -2.4071513e+00
   2.7574032e+00   1.9139203e+00
   3.0898510e+00   1.5771205e+00
   8.5163157e-01  -2.6720030e+00
   1.3199260e+00  -3.0935203e+00
   3.3996648e-01   2.1389606e+00
   1.5070813e+00  -1.2532950e+00
   6.0796793e-01  -2.3535524e+00
   4.6944854e-01   1.0698834e+00
   9.9714810e-01   9.1203673e-01
   2.8443833e+00   4.1470569e-01
   1.0150926e+00   2.5875005e-02
   1.1579277e+00   5.3471150e-01
   1.7381232e+00   1.5526903e-01
   2.1555738e+00   1.1634687e+00
   1.1301047e+00  -2.7603772e-01
   2.3213110e+00   1.3252089e+00
   2.8590116e+00  -4.1368968e-01
   1.6662503e+00  -8.0222038e-01
   1.9709653e+00  -2.3181856e+00
   1.1651187e+00  -2.1943675e+00
   2.4463441e+00   2.7851543e+00
   4.0094431e-01   1.7286827e+00
   2.5269308e+00   2.8697504e+00
   6.8564205e-01   3.1290009e+00
   2.4379217e+00   1.0736544e+00
   2.1885252e+00   3.0632777e+00
   2.1682956e+00  -6.2465461e-01
   1.5541791e+00   2.0263404e+00
   2.0757705e+00   3.0276801e-01
   1.6861990e+00   1.0607618e+00
   2.3935082e+00   1.9187738e+00
   1.5228360e+00  -2.4192458e+00
   1.2719382e+00   2.5780113e+00
   1.2404628e+00  -2.2750266e+00
   2.7243048e+00  -3.0422075e+00
   2.7164912e+00  -2.0263876e+00
   2.0665652e+00   2.6664118e+00
   2.8259193e+00   2.1871448e+00
   2.1030473e+00   2.2101915e-01
   1.4525318e+00  -1.9786804e-02
   7.1217872e-01  -1.7963542e+00
   8.5362340e-01  -2.1812191e+00
   1.4040821e+00  -4.5768643e-01
   2.2940656e+00   2.6661057e-01
   1.2462490e+00  -2.7930232e+00
   1.9753643e+00  -2.4374684e+00
   1.1810864e+00  -9.6177244e-01
   3.3639465e-01   2.9404060e+00
   2.0591784e+00  -2.5938524e+00
   1.6810504e+00   1.1339432e+00
   1.2430175e+00   5.6215081e-01
   9.3446384e-01   9.6515399e-01
   1.8820673e-01   1.6287171e+00
   1.4926373e+00  -6.9223091e-01
   3.8279693e-01   8.7644380e-01
   1.2262401e+00   3.0016351e+00
   2.3745744e+00  -1.5322545e+00
   6.2783417e-01  -1.9693027e+00
   1.1761852e+00  -2.7527348e+00
   1.2982838e+00   2.7670604e+00
   2.5576154e+00  -1.5043412e-01
   1.1349788e+00  -1.2393716e+00
   2.5207408e+00  -9.3390428e-01
   2.9165651e+00  -2.6239195e+00
   1.6957922e+00  -9.6896765e-01
   1.8373187e+00   6.5850517e-01
   1.2774115e+00   1.3111757e+00
   1.4092483e+00   1.6288287e+00
   1.5143121e+00  -2.0704180e+00
   2.0974440e+00  -1.3375298e-01
   1.5852307e+00   1.3033921e+00
   1.8889389e+00  -4.2479835e-01
   7.7756414e-01   2.3038766e+00
   2.7891351e+00   1.5809135e+00
   1.6502280e+00  -2.0743377e-01
   8.3230620e-01   1.9466753e+00
   1.3228835e+00   6.0207525e-01
   1.3860726e+00  -3.4861025e-01
   1.1132346e+00   2.7565615e+00
   1.3759303e+00  -1.3501694e+00
   9.5730484e-01   1.5493615e+00
   1.9112934e+00   8.6837559e-01
   2.1698841e+00  -1.0510763e+00
   1.7004080e+00   9.4686257e-02
   1.0443179e+00  -2.3546711e+00
   1.2988036e+00   2.2965819e+00
   1.3908216e+00   4.6505271e-01
   4.4699075e-01  -2.5335108e+00
   1.0977499e-01  -2.1866381e+00
   1.7234454e+00  -6.6910256e-01
   2.2235434e+00   1.6732730e+00
   1.6760701e+00  -2.7059173e+00
   2.3689299e+00  -8.5576283e-01
   1.0466241e+00  -2.9273176e+00
   6.6376873e-01  -1.8688075e+00
   1.4506456e+00  -8.3347333e-01
   1.0577011e+00  -4.9040970e-02
   2.5884419e+00   2.0596523e+00
   9.8340503e-01   2.3999279e+00
   1.9315288e+00  -1.7059786e+00
   1.6225369e+00  -1.5711238e+00
   1.2233940e+00   2.3653395e+00
   1.5242299e+00   2.8904442e+00
   1.8557014e+00   1.7588675e+00
   3.2361912e-01   2.0158884e-01
   1.1538551e+00   2.0270349e+00
   1.9788411e+00   1.3318449e+00
   2.2971844e+00   8.1240598e-01
   1.6890684e+00  -1.2974916e+00
   1.5927772e+00   5.5585379e-01
   2.0564353e+00   4.7090878e-01
   1.7238796e+00  -1.6932585e-01
   2.4427898e+00  -1.0315482e+00
   1.3217233e+00   4.5576295e-01
   2.3594342e+00  -1.3157644e+00
   1.4584712e+00  -1.3109491e+00
   7.7327262e-01  -1.3687897e-01
   8.2912853e-01  -2.5849385e+00
   7.2889804e-01   2.5074190e+00
   1.7962226e+00  -2.2343192e+00
   1.9664739e+00   1.6373493e+00
   1.7262648e+00  -2.1679451e+00
   1.5787689e+00   2.2563995e+00
   2.1757192e+00  -1.1862428e+00
   1.6346164e+00  -2.5224136e+00
   1.0661537e+00  -6.9800401e-01
   2.6857668e+00   3.1038365e+00
   1.8348012e+00  -5.2492520e-01
   2.6197913e+00  -2.3311863e-01
   2.2645992e+00  -1.8772792e+00
   8.4946229e-01   3.0777054e+00
   2.1066055e+00   2.7921045e+00
   7.6568756e-01   2.6545351e+00
   1.5305727e+00  -1.9862544e+00
   1.1914132e+00  -1.7674104e+00
   1.9849528e+00  -2.5951625e+00
   1.8269183e+00  -1.7573911e+00
   1.7608363e+00  -5.4308309e-01
   1.5511478e+00   1.1828747e-01
   8.8028510e-01   1.7615318e+00
   9.0516103e-01   2.1522837e+00
   1.1199278e+00   1.8542783e-01
   1.7696076e+00  -7.4115151e-01
   1.2411347e+00   2.7978341e+00
   9.3339840e-01  -2.6297390e+00
   7.0947019e-01   6.2267202e-01
   1.6368061e+00   1.9008926e+00
   1.0929374e+00  -2.5848933e+00
   2.6919120e+00  -2.5591617e-01
   2.0997495e+00   3.8213625e-01
   2.2932515e+00   9.1430411e-01
   1.7586837e+00   1.5818214e+00
   8.8109388e-01   1.0138689e-01
   1.8619270e+00   1.3186242e+00
   1.7024785e+00   2.7939005e+00
   8.0449366e-01  -1.5336722e+00
   9.9873524e-01   1.8453271e+00
   1.2132315e+00   2.7186927e+00
   1.9308634e+00   2.8498783e+00
   1.4880732e+00  -9.9203185e-01
   5.4100435e-01   9.6091564e-01
   1.0841330e+00  -1.1686490e+00
   1.4601511e+00  -1.7671452e+00
   6.1309576e-01  -2.1839911e-01
   2.2022633e+00  -3.3238815e-01
   2.7523320e+00   8.6644336e-01
   2.9700230e+00   1.9127143e+00
   5.0253578e-01   3.0241124e+00
   1.4552548e+00  -5.3055479e-01
   2.8738085e+00  -5.4577879e-02
   1.1685838e+00  -3.4684273e-01
   2.1192055e+00   2.1533041e+00
   1.9232350e+00  -1.5745175e+00
   1.3640261e+00  -8.1164258e-02
   2.3293314e+00   1.9541031e+00
   2.1520100e+00   2.9797958e-01
   1.2283626e+00   1.9625382e-01
   1.9144741e+00   2.6532081e+00
   2.9330758e-01   7.3385753e-01
   1.5532707e+00  -2.5279930e+00
   9.1602766e-01   2.7070129e+00
   1.1481801e+00   6.6656107e-01
   1.6035706e-01   2.1983388e+00
   2.2273867e+00  -6.8722784e-01
   2.2644140e+00  -2.7846836e+00
   4.9627675e-01  -2.7561837e+00
   1.9334648e+00  -1.3035002e+00
   1.6341224e+00  -1.4810683e+00
   6.8367337e-01   2.4311953e-01
   1.6521530e+00   2.4863059e+00
   2.6941724e+00   2.4533263e-01
   1.0954261e+00   9.3626384e-01
   2.5791214e+00  -1.2183401e+00
   1.7526938e+00  -9.2877809e-01
   8.4000157e-01  -1.6166866e-01
   5.1522502e-01  -1.4840096e+00
   1.8200932e+00   2.0698908e+00
   2.2316082e+00  -2.3634502e+00
   1.6972297e+00   3.6376956e-01
   1.5711234e+00   5.1740588e-02
   2.3062407e+00  -2.6645822e+00
   2.8862533e+00  -2.9562319e+00
   1.7512009e+00   2.8518528e+00
   1.2539617e+00  -1.6378537e+00
   1.9854045e+00  -2.6832608e+00
   1.3517981e+00   2.7229453e+00
   1.0307803e+00   2.2558806e+00
   1.2994494e+00   1.2278620e-01
   5.5624256e-01   3.0999534e+00
   6.6305082e-01   2.2808373e+00
   2.2777397e-01   7.4135246e-01
   1.2341436e+00   9.4610900e-01
   5.1515430e-01  -2.6175928e+00
   1.3920384e+00   8.0507256e-01
   1.3126241e+00  -1.1619254e-01
   8.0661270e-01  -1.4383932e+00
   2.2472410e+00  -1.0476827e+00
   2.1371312e+00  -2.0574323e+00
   2.2146891e+00   2.8325709e-01
   1.6322003e+00   2.7451263e+00
   2.1597668e+00   1.8731173e-01
   2.2563735e+00   3.1312928e+00
   1.2571025e+00   6.4084724e-01
   2.5195627e+00   1.0967278e-01
   8.3574291e-01  -7.0994256e-01
   2.0262728e+00   1.5893002e+00
   5.8197449e-01   4.9466099e-01
   1.0644788e+00   1.4387469e+00
   1.8048870e+00   7.1735726e-01
   2.4179419e+00  -1.6432659e+00
   2.5113353e+00   2.0939109e+00
   2.2299432e+00  -1.9935935e+00
   1.9858976e+00  -4.3958948e-02
   1.7532663e+00  -3.8612292e-01
   2.4689084e+00   7.0212910e-01
   1.7512362e+00   2.6044616e-01
   5.7220971e-01   3.5634174e-01
   1.1990074e-01  -2.9765885e+00
   1.7174736e+00  -2.4420800e+00
   2.0175192e+00  -2.3873244e+00
   4.8507597e-01  -1.9346631e+00
   7.6242883e-01   2.9000414e-01
   2.6698922e+00  -2.3486579e+00
   2.3471045e+00  -9.8642732e-01
   1.0131706e+00  -2.0350412e+00
   1.9001465e+00   3.0718276e+00
   2.4247741e+00  -7.7536844e-01
   1.1367765e+00   1.4492219e+00
   6.4172645e-01   2.1386712e+00
   1.0951995e+00   2.3028958e+00
   1.5816273e+00   2.9536942e+00
   6.9590495e-01  -1.6928931e+00
   1.3294515e+00   2.8415062e+00
   2.7707493e+00   2.7708468e+00
   1.5440521e+00  -7.6664705e-01
   1.8007510e+00  -2.5520248e+00
   2.5948576e+00  -2.4030734e+00
   2.6822286e+00   2.2231375e+00
   9.9426461e-01  -9.8720556e-02
   1.2713672e+00  -2.0284115e+00
   1.2175414e+00  -5.2181936e-01
   1.7659291e+00  -1.1279470e-01
   9.7431634e-01  -1.4195275e+00
   7.0288104e-01   1.1511448e+00
   1.3225085e+00   1.8737523e+00
   1.6280722e+00   1.7326120e+00
   2.0695477e+00  -1.6351261e+00
   5.4181215e-01  -2.2545953e-01
   1.3034207e+00   1.5558301e+00
   5.2484821e-01  -8.9661848e-01
   2.0594613e+00   2.5099955e+00
   1.5742888e+00   3.5244096e-01
   2.2191748e-01  -1.2019828e+00
   1.8457040e+00   2.3454041e+00
   6.4522463e-01   1.9910932e+00
   3.9275343e-01  -2.0713404e+00
   2.5525094e+00   2.4899839e+00
   1.3544121e+00  -1.7703771e+00
   6.1381765e-01  -3.1111627e+00
   7.6777240e-01  -1.0691907e+00
   2.3700037e+00  -6.2885036e-01
   1.4769066e+00  -1.4406080e+00
   2.2297405e+00   2.2595188e+00
   7.6630116e-01   1.9686048e+00
   1.1138316e+00  -1.7716147e+00
   1.8203218e+00   2.7667685e+00
   1.6603440e+00   3.0780115e+00
   2.2307364e+00  -1.3771177e+00
   6.5957836e-01   1.3301111e-01
   2.0038961e+00   1.4547677e+00
   2.1259492e+00  -5.6871140e-01
   1.7559422e+00   2.1050502e+00
   2.2005355e+00   2.9158491e+00
   2.3963658e+00  -1.7484812e+00
   1.6135181e+00  -2.0844062e+00
   1.0884779e+00   2.8222414e-01
   9.7364081e-01   2.3052377e+00
   2.7574032e+00   3.4312399e-01
   3.0898510e+00   6.3241408e-03
   8.5163157e-01   2.0403859e+00
   1.3199260e+00   1.6188687e+00
   3.3996648e-01   5.6816429e-01
   1.5070813e+00  -2.8240913e+00
   6.0796793e-01   2.3588366e+00
   4.6944854e-01  -5.0091291e-01
   9.9714810e-01  -6.5875960e-01
   2.8443833e+00  -1.1560906e+00
   1.0150926e+00  -1.5449213e+00
   1.1579277e+00  -1.0360848e+00
   1.7381232e+00  -1.4155273e+00
   2.1555738e+00  -4.0732763e-01
   1.1301047e+00  -1.8468340e+00
   2.3213110e+00  -2.4558745e-01
   2.8590116e+00  -1.9844860e+00
   1.6662503e+00  -2.3730167e+00
   1.9709653e+00   2.3942034e+00
   1.1651187e+00   2.5180215e+00
   2.4463441e+00   1.2143580e+00
   4.0094431e-01   1.5788635e-01
   2.5269308e+00   1.2989540e+00
   6.8564205e-01   1.5582046e+00
   2.4379217e+00  -4.9714190e-01
   2.1885252e+00   1.4924814e+00
   2.1682956e+00  -2.1954509e+00
   1.5541791e+00   4.5554411e-01
   2.0757705e+00  -1.2680283e+00
   1.6861990e+00  -5.1003450e-01
   2.3935082e+00   3.4797749e-01
   1.5228360e+00   2.2931432e+00
   1.2719382e+00   1.0072150e+00
   1.2404628e+00   2.4373623e+00
   2.7243048e+00   1.6701815e+00
   2.7164912e+00   2.6860014e+00
   2.0665652e+00   1.0956154e+00
   2.8259193e+00   6.1634844e-01
   2.1030473e+00  -1.3497772e+00
   1.4525318e+00  -1.5905831e+00
   7.1217872e-01   2.9160347e+00
   8.5362340e-01   2.5311698e+00
   1.4040821e+00  -2.0284828e+00
   2.2940656e+00  -1.3041858e+00
   1.2462490e+00   1.9193658e+00
   1.9753643e+00   2.2749205e+00
   1.1810864e+00  -2.5325688e+00
   3.3639465e-01   1.3696097e+00
   2.0591784e+00   2.1185365e+00
   1.6810504e+00  -4.3685311e-01
   1.2430175e+00  -1.0086455e+00
   9.3446384e-01  -6.0564234e-01
   1.8820673e-01   5.7920785e-02
   1.4926373e+00  -2.2630272e+00
   3.8279693e-01  -6.9435252e-01
   1.2262401e+00   1.4308388e+00
   2.3745744e+00  -3.1030508e+00
   6.2783417e-01   2.7430863e+00
   1.1761852e+00   1.9596542e+00
   1.2982838e+00   1.1962640e+00
   2.5576154e+00  -1.7212304e+00
   1.1349788e+00  -2.8101679e+00
   2.5207408e+00  -2.5047006e+00
   2.9165651e+00   2.0884695e+00
   1.6957922e+00  -2.5397640e+00
   1.8373187e+00  -9.1229116e-01
   1.2774115e+00  -2.5962063e-01
   1.4092483e+00   5.8032333e-02
   1.5143121e+00   2.6419710e+00
   2.0974440e+00  -1.7045493e+00
   1.5852307e+00  -2.6740421e-01
   1.8889389e+00  -1.9955947e+00
   7.7756414e-01   7.3308027e-01
   2.7891351e+00   1.0117158e-02
   1.6502280e+00  -1.7782301e+00
   8.3230620e-01   3.7587897e-01
   1.3228835e+00  -9.6872108e-01
   1.3860726e+00  -1.9194066e+00
   1.1132346e+00   1.1857652e+00
   1.3759303e+00  -2.9209657e+00
   2.1842878e+00  -1.5493615e+00
   1.2302992e+00  -8.6837559e-01
   9.7170858e-01   1.0510763e+00
   1.4411846e+00  -9.4686257e-02
   2.0972747e+00   2.3546711e+00
   1.8427890e+00  -2.2965819e+00
   1.7507711e+00  -4.6505271e-01
   2.6946019e+00   2.5335108e+00
   3.0318177e+00   2.1866381e+00
   1.4181473e+00   6.6910256e-01
   9.1804925e-01  -1.6732730e+00
   1.4655225e+00   2.7059173e+00
   7.7266273e-01   8.5576283e-01
   2.0949685e+00   2.9273176e+00
   2.4778239e+00   1.8688075e+00
   1.6909471e+00   8.3347333e-01
   2.0838915e+00   4.9040970e-02
   5.5315073e-01  -2.0596523e+00
   2.1581876e+00  -2.3999279e+00
   1.2100639e+00   1.7059786e+00
   1.5190557e+00   1.5711238e+00
   1.9181987e+00  -2.3653395e+00
   1.6173628e+00  -2.8904442e+00
   1.2858913e+00  -1.7588675e+00
   2.8179735e+00  -2.0158884e-01
   1.9877375e+00  -2.0270349e+00
   1.1627515e+00  -1.3318449e+00
   8.4440821e-01  -8.1240598e-01
   1.4525243e+00   1.2974916e+00
   1.5488154e+00  -5.5585379e-01
   1.0851573e+00  -4.7090878e-01
   1.4177131e+00   1.6932585e-01
   6.9880283e-01   1.0315482e+00
   1.8198693e+00  -4.5576295e-01
   7.8215841e-01   1.3157644e+00
   1.6831215e+00   1.3109491e+00
   2.3683200e+00   1.3687897e-01
   2.3124641e+00   2.5849385e+00
   2.4126946e+00  -2.5074190e+00
   1.3453701e+00   2.2343192e+00
   1.1751188e+00  -1.6373493e+00
   1.4153278e+00   2.1679451e+00
   1.5628237e+00  -2.2563995e+00
   9.6587343e-01   1.1862428e+00
   1.5069762e+00   2.5224136e+00
   2.0754390e+00   6.9800401e-01
   4.5582585e-01  -3.1038365e+00
   1.3067914e+00   5.2492520e-01
   5.2180135e-01   2.3311863e-01
   8.7699346e-01   1.8772792e+00
   2.2921304e+00  -3.0777054e+00
   1.0349871e+00  -2.7921045e+00
   2.3759051e+00  -2.6545351e+00
   1.6110200e+00   1.9862544e+00
   1.9501794e+00   1.7674104e+00
   1.1566399e+00   2.5951625e+00
   1.3146743e+00   1.7573911e+00
   1.3807563e+00   5.4308309e-01
   1.5904449e+00  -1.1828747e-01
   2.2613076e+00  -1.7615318e+00
   2.2364316e+00  -2.1522837e+00
   2.0216648e+00  -1.8542783e-01
   1.3719850e+00   7.4115151e-01
   1.9004580e+00  -2.7978341e+00
   2.2081943e+00   2.6297390e+00
   2.4321225e+00  -6.2267202e-01
   1.5047866e+00  -1.9008926e+00
   2.0486553e+00   2.5848933e+00
   4.4968065e-01   2.5591617e-01
   1.0418432e+00  -3.8213625e-01
   8.4834116e-01  -9.1430411e-01
   1.3829090e+00  -1.5818214e+00
   2.2604988e+00  -1.0138689e-01
   1.2796657e+00  -1.3186242e+00
   1.4391141e+00  -2.7939005e+00
   2.3370990e+00   1.5336722e+00
   2.1428574e+00  -1.8453271e+00
   1.9283611e+00  -2.7186927e+00
   1.2107292e+00  -2.8498783e+00
   1.6535195e+00   9.9203185e-01
   2.6005883e+00  -9.6091564e-01
   2.0574596e+00   1.1686490e+00
   1.6814415e+00   1.7671452e+00
   2.5284969e+00   2.1839911e-01
   9.3932938e-01   3.3238815e-01
   3.8926062e-01  -8.6644336e-01
   1.7156966e-01  -1.9127143e+00
   2.6390569e+00  -3.0241124e+00
   1.6863378e+00   5.3055479e-01
   2.6778419e-01   5.4577879e-02
   1.9730088e+00   3.4684273e-01
   1.0223872e+00  -2.1533041e+00
   1.2183576e+00   1.5745175e+00
   1.7775665e+00   8.1164258e-02
   8.1226130e-01  -1.9541031e+00
   9.8958267e-01  -2.9797958e-01
   1.9132300e+00  -1.9625382e-01
   1.2271185e+00  -2.6532081e+00
   2.8482851e+00  -7.3385753e-01
   1.5883219e+00  -6.1359964e-01
   2.2255650e+00   4.3457974e-01
   1.9934126e+00   2.4750316e+00
   2.9812356e+00   9.4325384e-01
   9.1420594e-01  -2.4543648e+00
   8.7717866e-01  -3.5690904e-01
   2.6453159e+00  -3.8540896e-01
   1.2081279e+00  -1.8380925e+00
   1.5074702e+00  -1.6605244e+00
   2.4579193e+00   2.8984731e+00
   1.4894397e+00   6.5528677e-01
   4.4742024e-01   2.8962600e+00
   2.0461666e+00   2.2053288e+00
   5.6247129e-01  -1.9232526e+00
   1.3888989e+00  -2.2128146e+00
   2.3015911e+00  -2.9799240e+00
   2.6263676e+00  -1.6575830e+00
   1.3214995e+00   1.0717018e+00
   9.0998444e-01  -7.7814240e-01
   1.4443629e+00   2.7778231e+00
   1.5704693e+00   3.0898521e+00
   8.3535198e-01  -4.7701046e-01
   2.5533932e-01  -1.8536076e-01
   1.3903917e+00   2.8973990e-01
   1.8876309e+00  -1.5037390e+00
   1.1561881e+00  -4.5833188e-01
   1.7897945e+00   4.1864738e-01
   2.1108124e+00   8.8571204e-01
   1.8421433e+00   3.0188065e+00
   2.5853501e+00   4.1639245e-02
   2.4785418e+00   8.6075534e-01
   2.9138187e+00   2.4002402e+00
   1.9074490e+00   2.1954837e+00
   2.6264384e+00  -5.2399982e-01
   1.7495542e+00   2.3365201e+00
   1.8289685e+00  -3.0254001e+00
   2.3349800e+00  -1.7031995e+00
   8.9435164e-01  -2.0939100e+00
   1.0044615e+00  -1.0841604e+00
   9.2690357e-01   2.8583356e+00
   1.5093923e+00   3.9646638e-01
   9.8182581e-01   2.9542809e+00
   8.8521913e-01   1.0299853e-02
   1.8844901e+00   2.5007454e+00
   6.2202991e-01   3.0319199e+00
   2.3058497e+00  -2.4316501e+00
   1.1153199e+00   1.5522925e+00
   2.5596182e+00   2.6469317e+00
   2.0771138e+00   1.7028457e+00
   1.3367057e+00   2.4242354e+00
   7.2365078e-01  -1.4983268e+00
   6.3025733e-01   1.0476817e+00
   9.1164943e-01  -1.1479991e+00
   1.1556950e+00  -3.0976337e+00
   1.3883264e+00  -2.7554697e+00
   6.7268423e-01   2.4394636e+00
   1.3903564e+00   2.8811465e+00
   2.5693829e+00   2.7852509e+00
   3.0216919e+00  -1.6500411e-01
   1.4241190e+00  -6.9951268e-01
   1.1240734e+00  -7.5426827e-01
   2.6565167e+00  -1.2069295e+00
   2.3791638e+00   2.8515885e+00
   4.7170040e-01  -7.9293473e-01
   7.9448818e-01  -2.1551653e+00
   2.1284221e+00  -1.1065515e+00
   1.2414462e+00   6.9765019e-02
   7.1681857e-01  -2.3662242e+00
   2.0048161e+00   1.6923707e+00
   2.4998662e+00   1.0029214e+00
   2.0463932e+00   8.3869684e-01
   1.5599653e+00   1.8789850e-01
   2.4456877e+00  -1.4486995e+00
   1.8121411e+00   3.0008647e-01
   3.7084334e-01   3.7074589e-01
   1.5975406e+00  -2.3749456e+00
   1.3408416e+00  -5.8956790e-01
   5.4673504e-01  -7.3851929e-01
   4.5936409e-01   9.1845518e-01
   2.1473280e+00  -3.0428721e+00
   1.8702254e+00  -1.1131811e+00
   1.9240513e+00  -2.6197733e+00
   1.3756636e+00  -3.0287980e+00
   2.1672763e+00  -1.7220651e+00
   2.4387116e+00   1.9904478e+00
   1.8190842e+00   1.2678404e+00
   1.5135204e+00   1.4089807e+00
   1.0720449e+00  -1.5064665e+00
   2.5997805e+00  -2.9161331e+00
   1.8381720e+00   1.5857625e+00
   2.6167444e+00  -2.2449742e+00
   1.0821313e+00   6.3159717e-01
   1.5673039e+00   2.7891517e+00
   2.9196752e+00  -1.9396098e+00
   1.2958887e+00   7.9618860e-01
   2.4963680e+00   1.1504995e+00
   2.7488392e+00  -1.0702523e+00
   5.8908330e-01   6.5160871e-01
   1.7871805e+00  -1.3712156e+00
   6.1381765e-01   3.0429912e-02
   7.6777240e-01   2.0724019e+00
   2.3700037e+00   2.5127423e+00
   1.4769066e+00   1.7009847e+00
   2.2297405e+00  -8.8207387e-01
   7.6630116e-01  -1.1729879e+00
   1.1138316e+00   1.3699780e+00
   1.8203218e+00  -3.7482412e-01
   1.6603440e+00  -6.3581200e-02
   2.2307364e+00   1.7644750e+00
   6.5957836e-01  -3.0085815e+00
   2.0038961e+00  -1.6868249e+00
   2.1259492e+00   2.5728813e+00
   1.7559422e+00  -1.0365425e+00
   2.2005355e+00  -2.2574352e-01
   2.3963658e+00   1.3931115e+00
   1.6135181e+00   1.0571865e+00
   1.0884779e+00  -2.8593685e+00
   9.7364081e-01  -8.3635500e-01
   2.7574032e+00  -2.7984687e+00
   3.0898510e+00  -3.1352685e+00
   8.5163157e-01  -1.1012067e+00
   1.3199260e+00  -1.5227239e+00
   3.3996648e-01  -2.5734284e+00
   1.5070813e+00   3.1750135e-01
   6.0796793e-01  -7.8275608e-01
   4.6944854e-01   2.6406797e+00
   9.9714810e-01   2.4828331e+00
   2.8443833e+00   1.9855020e+00
   1.0150926e+00   1.5966713e+00
   1.1579277e+00   2.1055078e+00
   1.7381232e+00   1.7260654e+00
   2.1555738e+00   2.7342650e+00
   1.1301047e+00   1.2947586e+00
   2.3213110e+00   2.8960052e+00
   2.8590116e+00   1.1571066e+00
   1.6662503e+00   7.6857594e-01
   1.9709653e+00  -7.4738927e-01
   1.1651187e+00  -6.2357119e-01
   2.4463441e+00  -1.9272347e+00
   4.0094431e-01  -2.9837063e+00
   2.5269308e+00  -1.8426386e+00
   6.8564205e-01  -1.5833881e+00
   2.4379217e+00   2.6444508e+00
   2.1885252e+00  -1.6491112e+00
   2.1682956e+00   9.4614172e-01
   1.5541791e+00  -2.6860485e+00
   2.0757705e+00   1.8735643e+00
   1.6861990e+00   2.6315581e+00
   2.3935082e+00  -2.7936152e+00
   1.5228360e+00  -8.4844944e-01
   1.2719382e+00  -2.1343776e+00
   1.2404628e+00  -7.0423032e-01
   2.7243048e+00  -1.4714112e+00
   2.7164912e+00  -4.5559125e-01
   2.0665652e+00  -2.0459772e+00
   2.8259193e+00  -2.5252442e+00
   2.1030473e+00   1.7918155e+00
   1.4525318e+00   1.5510095e+00
   7.1217872e-01  -2.2555792e-01
   8.5362340e-01  -6.1042282e-01
   1.4040821e+00   1.1131099e+00
   2.2940656e+00   1.8374069e+00
   1.2462490e+00  -1.2222268e+00
   1.9753643e+00  -8.6667211e-01
   1.1810864e+00   6.0902388e-01
   3.3639465e-01  -1.7719830e+00
   2.0591784e+00  -1.0230561e+00
   1.6810504e+00   2.7047395e+00
   1.2430175e+00   2.1329471e+00
   9.3446384e-01   2.5359503e+00
   1.8820673e-01  -3.0836719e+00
   1.4926373e+00   8.7856542e-01
   3.8279693e-01   2.4472401e+00
   1.2262401e+00  -1.7107539e+00
   2.3745744e+00   3.8541807e-02
   6.2783417e-01  -3.9850640e-01
   1.1761852e+00  -1.1819384e+00
   1.2982838e+00  -1.9453286e+00
   2.5576154e+00   1.4203622e+00
   1.1349788e+00   3.3142473e-01
   2.5207408e+00   6.3689205e-01
   2.9165651e+00  -1.0531232e+00
   1.6957922e+00   6.0182868e-01
   1.8373187e+00   2.2293015e+00
   1.2774115e+00   2.8819720e+00
   1.4092483e+00  -3.0835603e+00
   1.5143121e+00  -4.9962165e-01
   2.0974440e+00   1.4370433e+00
   1.5852307e+00   2.8741884e+00
   1.8889389e+00   1.1459980e+00
   7.7756414e-01  -2.4085124e+00
   2.7891351e+00  -3.1314755e+00
   1.6502280e+00   1.3633626e+00
   8.3230620e-01  -2.7657137e+00
   1.3228835e+00   2.1728716e+00
   1.3860726e+00   1.2221861e+00
   1.1132346e+00  -1.9558274e+00
   1.3759303e+00   2.2062697e-01
   1.5532707e+00   2.1843960e+00
   9.1602766e-01   1.1362166e+00
   1.1481801e+00  -9.0423526e-01
   1.6035706e-01   6.2754249e-01
   2.2273867e+00  -2.2580242e+00
   2.2644140e+00   1.9277054e+00
   4.9627675e-01   1.9562053e+00
   1.9334648e+00  -2.8742965e+00
   1.6341224e+00  -3.0518646e+00
   6.8367337e-01  -1.3276768e+00
   1.6521530e+00   9.1550955e-01
   2.6941724e+00  -1.3254637e+00
   1.0954261e+00  -6.3453249e-01
   2.5791214e+00  -2.7891364e+00
   1.7526938e+00  -2.4995744e+00
   8.4000157e-01  -1.7324650e+00
   5.1522502e-01  -3.0548060e+00
   1.8200932e+00   4.9909452e-01
   2.2316082e+00   2.3489387e+00
   1.6972297e+00  -1.2070268e+00
   1.5711234e+00  -1.5190557e+00
   2.3062407e+00   2.0478068e+00
   2.8862533e+00   1.7561571e+00
   1.7512009e+00   1.2810564e+00
   1.2539617e+00   3.0745353e+00
   1.9854045e+00   2.0291282e+00
   1.3517981e+00   1.1521489e+00
   1.0307803e+00   6.8508429e-01
   1.2994494e+00  -1.4480101e+00
   5.5624256e-01   1.5291571e+00
   6.6305082e-01   7.1004099e-01
   2.2777397e-01  -8.2944387e-01
   1.2341436e+00  -6.2468732e-01
   5.1515430e-01   2.0947961e+00
   1.3920384e+00  -7.6572376e-01
   1.3126241e+00  -1.6869889e+00
   8.0661270e-01  -3.0091895e+00
   2.2472410e+00  -2.6184790e+00
   2.1371312e+00   2.6549567e+00
   2.2146891e+00  -1.2875392e+00
   1.6322003e+00   1.1743299e+00
   2.1597668e+00  -1.3834846e+00
   2.2563735e+00   1.5604965e+00
   1.2571025e+00  -9.2994908e-01
   2.5195627e+00  -1.4611235e+00
   8.3574291e-01  -2.2807389e+00
   2.0262728e+00   1.8503870e-02
   5.8197449e-01  -1.0761353e+00
   1.0644788e+00  -1.3204940e-01
   1.8048870e+00  -8.5343907e-01
   2.4179419e+00   3.0691231e+00
   2.5113353e+00   5.2311459e-01
   2.2299432e+00   2.7187955e+00
   1.9858976e+00  -1.6147553e+00
   1.7532663e+00  -1.9569192e+00
   2.4689084e+00  -8.6866723e-01
   1.7512362e+00  -1.3103502e+00
   5.7220971e-01  -1.2144546e+00
   1.1990074e-01   1.7358004e+00
   1.7174736e+00   2.2703090e+00
   2.0175192e+00   2.3250646e+00
   4.8507597e-01   2.7777258e+00
   7.6242883e-01  -1.2807922e+00
   2.6698922e+00   2.3637311e+00
   2.3471045e+00  -2.5572237e+00
   1.0131706e+00   2.6773478e+00
   1.9001465e+00   1.5010313e+00
   2.4247741e+00  -2.3461648e+00
   1.1367765e+00  -1.2157440e-01
   6.4172645e-01   5.6787491e-01
   1.0951995e+00   7.3209949e-01
   1.5816273e+00   1.3828978e+00
   6.9590495e-01   3.0194959e+00
   1.3294515e+00   1.2707099e+00
   2.7707493e+00   1.2000504e+00
   1.5440521e+00  -2.3374434e+00
   1.8007510e+00   2.1603642e+00
   2.5948576e+00   2.3093156e+00
   2.6822286e+00   6.5234114e-01
   9.9426461e-01  -1.6695169e+00
   1.2713672e+00   2.6839775e+00
   1.2175414e+00  -2.0926157e+00
   1.7659291e+00  -1.6835910e+00
   9.7431634e-01  -2.9903239e+00
   7.0288104e-01  -4.1965151e-01
   1.3225085e+00   3.0295595e-01
   1.6280722e+00   1.6181566e-01
   2.0695477e+00   3.0772629e+00
   5.4181215e-01  -1.7962559e+00
   1.3034207e+00  -1.4966204e-02
   5.2484821e-01  -2.4674148e+00
   2.0594613e+00   9.3919916e-01
   1.5742888e+00  -1.2183554e+00
   2.2191748e-01  -2.7727792e+00
   1.8457040e+00   7.7460772e-01
   6.4522463e-01   4.2029686e-01
   3.9275343e-01   2.6410486e+00
   2.5525094e+00   9.1918761e-01
   1.3544121e+00   2.9420119e+00
   1.5883219e+00  -2.1843960e+00
   2.2255650e+00  -1.1362166e+00
   1.9934126e+00   9.0423526e-01
   2.9812356e+00  -6.2754249e-01
   9.1420594e-01   2.2580242e+00
   8.7717866e-01  -1.9277054e+00
   2.6453159e+00  -1.9562053e+00
   1.2081279e+00   2.8742965e+00
   1.5074702e+00   3.0518646e+00
   2.4579193e+00   1.3276768e+00
   1.4894397e+00  -9.1550955e-01
   4.4742024e-01   1.3254637e+00
   2.0461666e+00   6.3453249e-01
   5.6247129e-01   2.7891364e+00
   1.3888989e+00   2.4995744e+00
   2.3015911e+00   1.7324650e+00
   2.6263676e+00   3.0548060e+00
   1.3214995e+00  -4.9909452e-01
   9.0998444e-01  -2.3489387e+00
   1.4443629e+00   1.2070268e+00
   1.5704693e+00   1.5190557e+00
   8.3535198e-01  -2.0478068e+00
   2.5533932e-01  -1.7561571e+00
   1.3903917e+00  -1.2810564e+00
   1.8876309e+00  -3.0745353e+00
   1.1561881e+00  -2.0291282e+00
   1.7897945e+00  -1.1521489e+00
   2.1108124e+00  -6.8508429e-01
   1.8421433e+00   1.4480101e+00
   2.5853501e+00  -1.5291571e+00
   2.4785418e+00  -7.1004099e-01
   2.9138187e+00   8.2944387e-01
   1.9074490e+00   6.2468732e-01
   2.6264384e+00  -2.0947961e+00
   1.7495542e+00   7.6572376e-01
   1.8289685e+00   1.6869889e+00
   2.3349800e+00   3.0091895e+00
   8.9435164e-01   2.6184790e+00
   1.0044615e+00  -2.6549567e+00
   9.2690357e-01   1.2875392e+00
   1.5093923e+00  -1.1743299e+00
   9.8182581e-01   1.3834846e+00
   8.8521913e-01  -1.5604965e+00
   1.8844901e+00   9.2994908e-01
   6.2202991e-01   1.4611235e+00
   2.3058497e+00   2.2807389e+00
   1.1153199e+00  -1.8503870e-02
   2.5596182e+00   1.0761353e+00
   2.0771138e+00   1.3204940e-01
   1.3367057e+00   8.5343907e-01
   7.2365078e-01  -3.0691231e+00
   6.3025733e-01  -5.2311459e-01
   9.1164943e-01  -2.7187955e+00
   1.1556950e+00   1.6147553e+00
   1.3883264e+00   1.9569192e+00
   6.7268423e-01   8.6866723e-01
   1.3903564e+00   1.3103502e+00
   2.5693829e+00   1.2144546e+00
   3.0216919e+00  -1.7358004e+00
   1.4241190e+00  -2.2703090e+00
   1.1240734e+00  -2.3250646e+00
   2.6565167e+00  -2.7777258e+00
   2.3791638e+00   1.2807922e+00
   4.7170040e-01  -2.3637311e+00
   7.9448818e-01   2.5572237e+00
   2.1284221e+00  -2.6773478e+00
   1.2414462e+00  -1.5010313e+00
   7.1681857e-01   2.3461648e+00
   2.0048161e+00   1.2157440e-01
   2.4998662e+00  -5.6787491e-01
   2.0463932e+00  -7.3209949e-01
   1.5599653e+00  -1.3828978e+00
   2.4456877e+00  -3.0194959e+00
   1.8121411e+00  -1.2707099e+00
   3.7084334e-01  -1.2000504e+00
   1.5975406e+00   2.3374434e+00
   1.3408416e+00  -2.1603642e+00
   5.4673504e-01  -2.3093156e+00
   4.5936409e-01  -6.5234114e-01
   2.1473280e+00   1.6695169e+00
   1.8702254e+00  -2.6839775e+00
   1.9240513e+00   2.0926157e+00
   1.3756636e+00   1.6835910e+00
   2.1672763e+00   2.9903239e+00
   2.4387116e+00   4.1965151e-01
   1.8190842e+00  -3.0295595e-01
   1.5135204e+00  -1.6181566e-01
   1.0720449e+00  -3.0772629e+00
   2.5997805e+00   1.7962559e+00
   1.8381720e+00   1.4966204e-02
   2.6167444e+00   2.4674148e+00
   1.0821313e+00  -9.3919916e-01
   1.5673039e+00   1.2183554e+00
   2.9196752e+00   2.7727792e+00
   1.2958887e+00  -7.7460772e-01
   2.4963680e+00  -4.2029686e-01
   2.7488392e+00  -2.6410486e+00
   5.8908330e-01  -9.1918761e-01
   1.7871805e+00  -2.9420119e+00
   1.5532707e+00  -9.5719669e-01
   9.1602766e-01  -2.0053761e+00
   1.1481801e+00   2.2373574e+00
   1.6035706e-01  -2.5140502e+00
   2.2273867e+00   8.8356848e-01
   2.2644140e+00  -1.2138873e+00
   4.9627675e-01  -1.1853874e+00
   1.9334648e+00   2.6729612e-01
   1.6341224e+00   8.9728054e-02
   6.8367337e-01   1.8139159e+00
   1.6521530e+00  -2.2260831e+00
   2.6941724e+00   1.8161290e+00
   1.0954261e+00   2.5070602e+00
   2.5791214e+00   3.5245625e-01
   1.7526938e+00   6.4201824e-01
   8.4000157e-01   1.4091277e+00
   5.1522502e-01   8.6786697e-02
   1.8200932e+00  -2.6424981e+00
   2.2316082e+00  -7.9265392e-01
   1.6972297e+00   1.9345659e+00
   1.5711234e+00   1.6225369e+00
   2.3062407e+00  -1.0937859e+00
   2.8862533e+00  -1.3854356e+00
   1.7512009e+00  -1.8605362e+00
   1.2539617e+00  -6.7057357e-02
   1.9854045e+00  -1.1124644e+00
   1.3517981e+00  -1.9894437e+00
   1.0307803e+00  -2.4565084e+00
   1.2994494e+00   1.6935825e+00
   5.5624256e-01  -1.6124356e+00
   6.6305082e-01  -2.4315517e+00
   2.2777397e-01   2.3121488e+00
   1.2341436e+00   2.5169053e+00
   5.1515430e-01  -1.0467965e+00
   1.3920384e+00   2.3758689e+00
   1.3126241e+00   1.4546038e+00
   8.0661270e-01   1.3240316e-01
   2.2472410e+00   5.2311365e-01
   2.1371312e+00  -4.8663596e-01
   2.2146891e+00   1.8540534e+00
   1.6322003e+00  -1.9672627e+00
   2.1597668e+00   1.7581081e+00
   2.2563735e+00  -1.5810962e+00
   1.2571025e+00   2.2116436e+00
   2.5195627e+00   1.6804691e+00
   8.3574291e-01   8.6085377e-01
   2.0262728e+00  -3.1230888e+00
   5.8197449e-01   2.0654573e+00
   1.0644788e+00   3.0095433e+00
   1.8048870e+00   2.2881536e+00
   2.4179419e+00  -7.2469552e-02
   2.5113353e+00  -2.6184781e+00
   2.2299432e+00  -4.2279719e-01
   1.9858976e+00   1.5268374e+00
   1.7532663e+00   1.1846734e+00
   2.4689084e+00   2.2729254e+00
   1.7512362e+00   1.8312425e+00
   5.7220971e-01   1.9271381e+00
   1.1990074e-01  -1.4057922e+00
   1.7174736e+00  -8.7128365e-01
   2.0175192e+00  -8.1652806e-01
   4.8507597e-01  -3.6386682e-01
   7.6242883e-01   1.8608005e+00
   2.6698922e+00  -7.7786159e-01
   2.3471045e+00   5.8436900e-01
   1.0131706e+00  -4.6424486e-01
   1.9001465e+00  -1.6405613e+00
   2.4247741e+00   7.9542789e-01
   1.1367765e+00   3.0200183e+00
   6.4172645e-01  -2.5737177e+00
   1.0951995e+00  -2.4094932e+00
   1.5816273e+00  -1.7586948e+00
   6.9590495e-01  -1.2209680e-01
   1.3294515e+00  -1.8708828e+00
   2.7707493e+00  -1.9415422e+00
   1.5440521e+00   8.0414928e-01
   1.8007510e+00  -9.8122843e-01
   2.5948576e+00  -8.3227704e-01
   2.6822286e+00  -2.4892515e+00
   9.9426461e-01   1.4720758e+00
   1.2713672e+00  -4.5761518e-01
   1.2175414e+00   1.0489770e+00
   1.7659291e+00   1.4580016e+00
   9.7431634e-01   1.5126880e-01
   7.0288104e-01   2.7219411e+00
   1.3225085e+00  -2.8386367e+00
   1.6280722e+00  -2.9797770e+00
   2.0695477e+00  -6.4329795e-02
   5.4181215e-01   1.3453368e+00
   1.3034207e+00   3.1266264e+00
   5.2484821e-01   6.7417785e-01
   2.0594613e+00  -2.2023935e+00
   1.5742888e+00   1.9232373e+00
   2.2191748e-01   3.6881350e-01
   1.8457040e+00  -2.3669849e+00
   6.4522463e-01  -2.7212958e+00
   3.9275343e-01  -5.0054407e-01
   2.5525094e+00  -2.2224050e+00
   1.3544121e+00  -1.9958077e-01
   1.5883219e+00   9.5719669e-01
   2.2255650e+00   2.0053761e+00
   1.9934126e+00  -2.2373574e+00
   2.9812356e+00   2.5140502e+00
   9.1420594e-01  -8.8356848e-01
   8.7717866e-01   1.2138873e+00
   2.6453159e+00   1.1853874e+00
   1.2081279e+00  -2.6729612e-01
   1.5074702e+00  -8.9728054e-02
   2.4579193e+00  -1.8139159e+00
   1.4894397e+00   2.2260831e+00
   4.4742024e-01  -1.8161290e+00
   2.0461666e+00  -2.5070602e+00
   5.6247129e-01  -3.5245625e-01
   1.3888989e+00  -6.4201824e-01
   2.3015911e+00  -1.4091277e+00
   2.6263676e+00  -8.6786697e-02
   1.3214995e+00   2.6424981e+00
   9.0998444e-01   7.9265392e-01
   1.4443629e+00  -1.9345659e+00
   1.5704693e+00  -1.6225369e+00
   8.3535198e-01   1.0937859e+00
   2.5533932e-01   1.3854356e+00
   1.3903917e+00   1.8605362e+00
   1.8876309e+00   6.7057357e-02
   1.1561881e+00   1.1124644e+00
   1.7897945e+00   1.9894437e+00
   2.1108124e+00   2.4565084e+00
   1.8421433e+00  -1.6935825e+00
   2.5853501e+00   1.6124356e+00
   2.4785418e+00   2.4315517e+00
   2.9138187e+00  -2.3121488e+00
   1.9074490e+00  -2.5169053e+00
   2.6264384e+00   1.0467965e+00
   1.7495542e+00  -2.3758689e+00
   1.8289685e+00  -1.4546038e+00
   2.3349800e+00  -1.3240316e-01
   8.9435164e-01  -5.2311365e-01
   1.0044615e+00   4.8663596e-01
   9.2690357e-01  -1.8540534e+00
   1.5093923e+00   1.9672627e+00
   9.8182581e-01  -1.7581081e+00
   8.8521913e-01   1.5810962e+00
   1.8844901e+00  -2.2116436e+00
   6.2202991e-01  -1.6804691e+00
   2.3058497e+00  -8.6085377e-01
   1.1153199e+00   3.1230888e+00
   2.5596182e+00  -2.0654573e+00
   2.0771138e+00  -3.0095433e+00
   1.3367057e+00  -2.2881536e+00
   7.2365078e-01   7.2469552e-02
   6.3025733e-01   2.6184781e+00
   9.1164943e-01   4.2279719e-01
   1.1556950e+00  -1.5268374e+00
   1.3883264e+00  -1.1846734e+00
   6.7268423e-01  -2.2729254e+00
   1.3903564e+00  -1.8312425e+00
   2.5693829e+00  -1.9271381e+00
   3.0216919e+00   1.4057922e+00
   1.4241190e+00   8.7128365e-01
   1.1240734e+00   8.1652806e-01
   2.6565167e+00   3.6386682e-01
   2.3791638e+00  -1.8608005e+00
   4.7170040e-01   7.7786159e-01
   7.9448818e-01  -5.8436900e-01
   2.1284221e+00   4.6424486e-01
   1.2414462e+00   1.6405613e+00
   7.1681857e-01  -7.9542789e-01
   2.0048161e+00  -3.0200183e+00
   2.4998662e+00   2.5737177e+00
   2.0463932e+00   2.4094932e+00
   1.5599653e+00   1.7586948e+00
   2.4456877e+00   1.2209680e-01
   1.8121411e+00   1.8708828e+00
   3.7084334e-01   1.9415422e+00
   1.5975406e+00  -8.0414928e-01
   1.3408416e+00   9.8122843e-01
   5.4673504e-01   8.3227704e-01
   4.5936409e-01   2.4892515e+00
   2.1473280e+00  -1.4720758e+00
   1.8702254e+00   4.5761518e-01
   1.9240513e+00  -1.0489770e+00
   1.3756636e+00  -1.4580016e+00
   2.1672763e+00  -1.5126880e-01
   2.4387116e+00  -2.7219411e+00
   1.8190842e+00   2.8386367e+00
   1.5135204e+00   2.9797770e+00
   1.0720449e+00   6.4329795e-02
   2.5997805e+00  -1.3453368e+00
   1.8381720e+00  -3.1266264e+00
   2.6167444e+00  -6.7417785e-01
   1.0821313e+00   2.2023935e+00
   1.5673039e+00  -1.9232373e+00
   2.9196752e+00  -3.6881350e-01
   1.2958887e+00   2.3669849e+00
   2.4963680e+00   2.7212958e+00
   2.7488392e+00   5.0054407e-01
   5.8908330e-01   2.2224050e+00
   1.7871805e+00   1.9958077e-01
   2.1842878e+00   2.1434829e-02
   1.2302992e+00   7.0242074e-01
   9.7170858e-01   2.6218727e+00
   1.4411846e+00   1.4761101e+00
   2.0972747e+00  -2.3577179e+00
   1.8427890e+00  -7.2578562e-01
   1.7507711e+00   1.1057436e+00
   2.6946019e+00  -2.1788782e+00
   3.0318177e+00  -2.5257509e+00
   1.4181473e+00   2.2398989e+00
   9.1804925e-01  -1.0247666e-01
   1.4655225e+00  -2.0064717e+00
   7.7266273e-01   2.4265592e+00
   2.0949685e+00  -1.7850714e+00
   2.4778239e+00  -2.8435814e+00
   1.6909471e+00   2.4042697e+00
   2.0838915e+00   1.6198373e+00
   5.5315073e-01  -4.8885601e-01
   2.1581876e+00  -8.2913156e-01
   1.2100639e+00  -3.0064104e+00
   1.5190557e+00  -3.1412651e+00
   1.9181987e+00  -7.9454318e-01
   1.6173628e+00  -1.3196479e+00
   1.2858913e+00  -1.8807121e-01
   2.8179735e+00   1.3692075e+00
   1.9877375e+00  -4.5623854e-01
   1.1627515e+00   2.3895143e-01
   8.4440821e-01   7.5839034e-01
   1.4525243e+00   2.8682879e+00
   1.5488154e+00   1.0149425e+00
   1.0851573e+00   1.0998875e+00
   1.4177131e+00   1.7401222e+00
   6.9880283e-01   2.6023445e+00
   1.8198693e+00   1.1150334e+00
   7.8215841e-01   2.8865607e+00
   1.6831215e+00   2.8817454e+00
   2.3683200e+00   1.7076753e+00
   2.3124641e+00  -2.1274505e+00
   2.4126946e+00  -9.3662264e-01
   1.3453701e+00  -2.4780697e+00
   1.1751188e+00  -6.6552934e-02
   1.4153278e+00  -2.5444439e+00
   1.5628237e+00  -6.8560319e-01
   9.6587343e-01   2.7570391e+00
   1.5069762e+00  -2.1899753e+00
   2.0754390e+00   2.2688003e+00
   4.5582585e-01  -1.5330401e+00
   1.3067914e+00   2.0957215e+00
   5.2180135e-01   1.8039150e+00
   8.7699346e-01  -2.8351097e+00
   2.2921304e+00  -1.5069091e+00
   1.0349871e+00  -1.2213082e+00
   2.3759051e+00  -1.0837388e+00
   1.6110200e+00  -2.7261345e+00
   1.9501794e+00  -2.9449786e+00
   1.1566399e+00  -2.1172264e+00
   1.3146743e+00  -2.9549979e+00
   1.3807563e+00   2.1138794e+00
   1.5904449e+00   1.4525089e+00
   2.2613076e+00  -1.9073545e-01
   2.2364316e+00  -5.8148736e-01
   2.0216648e+00   1.3853685e+00
   1.3719850e+00   2.3119478e+00
   1.9004580e+00  -1.2270378e+00
   2.2081943e+00  -2.0826500e+00
   2.4321225e+00   9.4812430e-01
   1.5047866e+00  -3.3009627e-01
   2.0486553e+00  -2.1274956e+00
   4.4968065e-01   1.8267125e+00
   1.0418432e+00   1.1886601e+00
   8.4834116e-01   6.5649222e-01
   1.3829090e+00  -1.1025030e-02
   2.2604988e+00   1.4694094e+00
   1.2796657e+00   2.5217214e-01
   1.4391141e+00  -1.2231042e+00
   2.3370990e+00   3.1044685e+00
   2.1428574e+00  -2.7453077e-01
   1.9283611e+00  -1.1478964e+00
   1.2107292e+00  -1.2790819e+00
   1.6535195e+00   2.5628282e+00
   2.6005883e+00   6.0988069e-01
   2.0574596e+00   2.7394453e+00
   1.6814415e+00  -2.9452437e+00
   2.5284969e+00   1.7891954e+00
   9.3932938e-01   1.9031845e+00
   3.8926062e-01   7.0435297e-01
   1.7156966e-01  -3.4191797e-01
   2.6390569e+00  -1.4533161e+00
   1.6863378e+00   2.1013511e+00
   2.6778419e-01   1.6253742e+00
   1.9730088e+00   1.9176391e+00
   1.0223872e+00  -5.8250781e-01
   1.2183576e+00  -3.1378715e+00
   1.7775665e+00   1.6519606e+00
   8.1226130e-01  -3.8330672e-01
   9.8958267e-01   1.2728168e+00
   1.9132300e+00   1.3745425e+00
   1.2271185e+00  -1.0824118e+00
   2.8482851e+00   8.3693879e-01
   9.5730484e-01   3.1201578e+00
   1.9112934e+00   2.4391719e+00
   2.1698841e+00   5.1971998e-01
   1.7004080e+00   1.6654826e+00
   1.0443179e+00  -7.8387473e-01
   1.2988036e+00  -2.4158070e+00
   1.3908216e+00   2.0358490e+00
   4.4699075e-01  -9.6271444e-01
   1.0977499e-01  -6.1584179e-01
   1.7234454e+00   9.0169377e-01
   2.2235434e+00  -3.0391160e+00
   1.6760701e+00  -1.1351209e+00
   2.3689299e+00   7.1503349e-01
   1.0466241e+00  -1.3565213e+00
   6.6376873e-01  -2.9801121e-01
   1.4506456e+00   7.3732299e-01
   1.0577011e+00   1.5217554e+00
   2.5884419e+00  -2.6527366e+00
   9.8340503e-01  -2.3124611e+00
   1.9315288e+00  -1.3518223e-01
   1.6225369e+00  -3.2751143e-04
   1.2233940e+00  -2.3470495e+00
   1.5242299e+00  -1.8219447e+00
   1.8557014e+00  -2.9535214e+00
   3.2361912e-01   1.7723852e+00
   1.1538551e+00  -2.6853541e+00
   1.9788411e+00   2.9026412e+00
   2.2971844e+00   2.3832023e+00
   1.6890684e+00   2.7330472e-01
   1.5927772e+00   2.1266501e+00
   2.0564353e+00   2.0417051e+00
   1.7238796e+00   1.4014705e+00
   2.4427898e+00   5.3924816e-01
   1.3217233e+00   2.0265593e+00
   2.3594342e+00   2.5503191e-01
   1.4584712e+00   2.5984723e-01
   7.7327262e-01   1.4339174e+00
   8.2912853e-01  -1.0141422e+00
   7.2889804e-01  -2.2049700e+00
   1.7962226e+00  -6.6352291e-01
   1.9664739e+00  -3.0750397e+00
   1.7262648e+00  -5.9714879e-01
   1.5787689e+00  -2.4559895e+00
   2.1757192e+00   3.8455356e-01
   1.6346164e+00  -9.5161732e-01
   1.0661537e+00   8.7279232e-01
   2.6857668e+00  -1.6085525e+00
   1.8348012e+00   1.0458711e+00
   2.6197913e+00   1.3376777e+00
   2.2645992e+00  -3.0648292e-01
   8.4946229e-01  -1.6346835e+00
   2.1066055e+00  -1.9202845e+00
   7.6568756e-01  -2.0578539e+00
   1.5305727e+00  -4.1545811e-01
   1.1914132e+00  -1.9661406e-01
   1.9849528e+00  -1.0243662e+00
   1.8269183e+00  -1.8659479e-01
   1.7608363e+00   1.0277132e+00
   1.5511478e+00   1.6890838e+00
   8.8028510e-01  -2.9508572e+00
   9.0516103e-01  -2.5601053e+00
   1.1199278e+00   1.7562242e+00
   1.7696076e+00   8.2964482e-01
   1.2411347e+00  -1.9145549e+00
   9.3339840e-01  -1.0589426e+00
   7.0947019e-01   2.1934683e+00
   1.6368061e+00  -2.8114964e+00
   1.0929374e+00  -1.0140970e+00
   2.6919120e+00   1.3148802e+00
   2.0997495e+00   1.9529326e+00
   2.2932515e+00   2.4851004e+00
   1.7586837e+00  -3.1305676e+00
   8.8109388e-01   1.6721832e+00
   1.8619270e+00   2.8894205e+00
   1.7024785e+00  -1.9184884e+00
   8.0449366e-01   3.7124173e-02
   9.9873524e-01  -2.8670619e+00
   1.2132315e+00  -1.9936963e+00
   1.9308634e+00  -1.8625107e+00
   1.4880732e+00   5.7876448e-01
   5.4100435e-01   2.5317120e+00
   1.0841330e+00   4.0214732e-01
   1.4601511e+00  -1.9634891e-01
   6.1309576e-01   1.3523972e+00
   2.2022633e+00   1.2384082e+00
   2.7523320e+00   2.4372397e+00
   2.9700230e+00  -2.7996747e+00
   5.0253578e-01  -1.6882766e+00
   1.4552548e+00   1.0402415e+00
   2.8738085e+00   1.5162184e+00
   1.1685838e+00   1.2239536e+00
   2.1192055e+00  -2.5590848e+00
   1.9232350e+00  -3.7211719e-03
   1.3640261e+00   1.4896321e+00
   2.3293314e+00  -2.7582859e+00
   2.1520100e+00   1.8687759e+00
   1.2283626e+00   1.7670501e+00
   1.9144741e+00  -2.0591809e+00
   2.9330758e-01   2.3046539e+00
   9.5730484e-01  -2.1434829e-02
   1.9112934e+00  -7.0242074e-01
   2.1698841e+00  -2.6218727e+00
   1.7004080e+00  -1.4761101e+00
   1.0443179e+00   2.3577179e+00
   1.2988036e+00   7.2578562e-01
   1.3908216e+00  -1.1057436e+00
   4.4699075e-01   2.1788782e+00
   1.0977499e-01   2.5257509e+00
   1.7234454e+00  -2.2398989e+00
   2.2235434e+00   1.0247666e-01
   1.6760701e+00   2.0064717e+00
   2.3689299e+00  -2.4265592e+00
   1.0466241e+00   1.7850714e+00
   6.6376873e-01   2.8435814e+00
   1.4506456e+00  -2.4042697e+00
   1.0577011e+00  -1.6198373e+00
   2.5884419e+00   4.8885601e-01
   9.8340503e-01   8.2913156e-01
   1.9315288e+00   3.0064104e+00
   1.6225369e+00   3.1412651e+00
   1.2233940e+00   7.9454318e-01
   1.5242299e+00   1.3196479e+00
   1.8557014e+00   1.8807121e-01
   3.2361912e-01  -1.3692075e+00
   1.1538551e+00   4.5623854e-01
   1.9788411e+00  -2.3895143e-01
   2.2971844e+00  -7.5839034e-01
   1.6890684e+00  -2.8682879e+00
   1.5927772e+00  -1.0149425e+00
   2.0564353e+00  -1.0998875e+00
   1.7238796e+00  -1.7401222e+00
   2.4427898e+00  -2.6023445e+00
   1.3217233e+00  -1.1150334e+00
   2.3594342e+00  -2.8865607e+00
   1.4584712e+00  -2.8817454e+00
   7.7327262e-01  -1.7076753e+00
   8.2912853e-01   2.1274505e+00
   7.2889804e-01   9.3662264e-01
   1.7962226e+00   2.4780697e+00
   1.9664739e+00   6.6552934e-02
   1.7262648e+00   2.5444439e+00
   1.5787689e+00   6.8560319e-01
   2.1757192e+00  -2.7570391e+00
   1.6346164e+00   2.1899753e+00
   1.0661537e+00  -2.2688003e+00
   2.6857668e+00   1.5330401e+00
   1.8348012e+00  -2.0957215e+00
   2.6197913e+00  -1.8039150e+00
   2.2645992e+00   2.8351097e+00
   8.4946229e-01   1.5069091e+00
   2.1066055e+00   1.2213082e+00
   7.6568756e-01   1.0837388e+00
   1.5305727e+00   2.7261345e+00
   1.1914132e+00   2.9449786e+00
   1.9849528e+00   2.1172264e+00
   1.8269183e+00   2.9549979e+00
   1.7608363e+00  -2.1138794e+00
   1.5511478e+00  -1.4525089e+00
   8.8028510e-01   1.9073545e-01
   9.0516103e-01   5.8148736e-01
   1.1199278e+00  -1.3853685e+00
   1.7696076e+00  -2.3119478e+00
   1.2411347e+00   1.2270378e+00
   9.3339840e-01   2.0826500e+00
   7.0947019e-01  -9.4812430e-01
   1.6368061e+00   3.3009627e-01
   1.0929374e+00   2.1274956e+00
   2.6919120e+00  -1.8267125e+00
   2.0997495e+00  -1.1886601e+00
   2.2932515e+00  -6.5649222e-01
   1.7586837e+00   1.1025030e-02
   8.8109388e-01  -1.4694094e+00
   1.8619270e+00  -2.5217214e-01
   1.7024785e+00   1.2231042e+00
   8.0449366e-01  -3.1044685e+00
   9.9873524e-01   2.7453077e-01
   1.2132315e+00   1.1478964e+00
   1.9308634e+00   1.2790819e+00
   1.4880732e+00  -2.5628282e+00
   5.4100435e-01  -6.0988069e-01
   1.0841330e+00  -2.7394453e+00
   1.4601511e+00   2.9452437e+00
   6.1309576e-01  -1.7891954e+00
   2.2022633e+00  -1.9031845e+00
   2.7523320e+00  -7.0435297e-01
   2.9700230e+00   3.4191797e-01
   5.0253578e-01   1.4533161e+00
   1.4552548e+00  -2.1013511e+00
   2.8738085e+00  -1.6253742e+00
   1.1685838e+00  -1.9176391e+00
   2.1192055e+00   5.8250781e-01
   1.9232350e+00   3.1378715e+00
   1.3640261e+00  -1.6519606e+00
   2.3293314e+00   3.8330672e-01
   2.1520100e+00  -1.2728168e+00
   1.2283626e+00  -1.3745425e+00
   1.9144741e+00   1.0824118e+00
   2.9330758e-01  -8.3693879e-01
   2.1842878e+00  -3.1201578e+00
   1.2302992e+00  -2.4391719e+00
   9.7170858e-01  -5.1971998e-01
   1.4411846e+00  -1.6654826e+00
   2.0972747e+00   7.8387473e-01
   1.8427890e+00   2.4158070e+00
   1.7507711e+00  -2.0358490e+00
   2.6946019e+00   9.6271444e-01
   3.0318177e+00   6.1584179e-01
   1.4181473e+00  -9.0169377e-01
   9.1804925e-01   3.0391160e+00
   1.4655225e+00   1.1351209e+00
   7.7266273e-01  -7.1503349e-01
   2.0949685e+00   1.3565213e+00
   2.4778239e+00   2.9801121e-01
   1.6909471e+00  -7.3732299e-01
   2.0838915e+00  -1.5217554e+00
   5.5315073e-01   2.6527366e+00
   2.1581876e+00   2.3124611e+00
   1.2100639e+00   1.3518223e-01
   1.5190557e+00   3.2751143e-04
   1.9181987e+00   2.3470495e+00
   1.6173628e+00   1.8219447e+00
   1.2858913e+00   2.9535214e+00
   2.8179735e+00  -1.7723852e+00
   1.9877375e+00   2.6853541e+00
   1.1627515e+00  -2.9026412e+00
   8.4440821e-01  -2.3832023e+00
   1.4525243e+00  -2.7330472e-01
   1.5488154e+00  -2.1266501e+00
   1.0851573e+00  -2.0417051e+00
   1.4177131e+00  -1.4014705e+00
   6.9880283e-01  -5.3924816e-01
   1.8198693e+00  -2.0265593e+00
   7.8215841e-01  -2.5503191e-01
   1.6831215e+00  -2.5984723e-01
   2.3683200e+00  -1.4339174e+00
   2.3124641e+00   1.0141422e+00
   2.4126946e+00   2.2049700e+00
   1.3453701e+00   6.6352291e-01
   1.1751188e+00   3.0750397e+00
   1.4153278e+00   5.9714879e-01
   1.5628237e+00   2.4559895e+00
   9.6587343e-01  -3.8455356e-01
   1.5069762e+00   9.5161732e-01
   2.0754390e+00  -8.7279232e-01
   4.5582585e-01   1.6085525e+00
   1.3067914e+00  -1.0458711e+00
   5.2180135e-01  -1.3376777e+00
   8.7699346e-01   3.0648292e-01
   2.2921304e+00   1.6346835e+00
   1.0349871e+00   1.9202845e+00
   2.3759051e+00   2.0578539e+00
   1.6110200e+00   4.1545811e-01
   1.9501794e+00   1.9661406e-01
   1.1566399e+00   1.0243662e+00
   1.3146743e+00   1.8659479e-01
   1.3807563e+00  -1.0277132e+00
   1.5904449e+00  -1.6890838e+00
   2.2613076e+00   2.9508572e+00
   2.2364316e+00   2.5601053e+00
   2.0216648e+00  -1.7562242e+00
   1.3719850e+00  -8.2964482e-01
   1.9004580e+00   1.9145549e+00
   2.2081943e+00   1.0589426e+00
   2.4321225e+00  -2.1934683e+00
   1.5047866e+00   2.8114964e+00
   2.0486553e+00   1.0140970e+00
   4.4968065e-01  -1.3148802e+00
   1.0418432e+00  -1.9529326e+00
   8.4834116e-01  -2.4851004e+00
   1.3829090e+00   3.1305676e+00
   2.2604988e+00  -1.6721832e+00
   1.2796657e+00  -2.8894205e+00
   1.4391141e+00   1.9184884e+00
   2.3370990e+00  -3.7124173e-02
   2.1428574e+00   2.8670619e+00
   1.9283611e+00   1.9936963e+00
   1.2107292e+00   1.8625107e+00
   1.6535195e+00  -5.7876448e-01
   2.6005883e+00  -2.5317120e+00
   2.0574596e+00  -4.0214732e-01
   1.6814415e+00   1.9634891e-01
   2.5284969e+00  -1.3523972e+00
   9.3932938e-01  -1.2384082e+00
   3.8926062e-01  -2.4372397e+00
   1.7156966e-01   2.7996747e+00
   2.6390569e+00   1.6882766e+00
   1.6863378e+00  -1.0402415e+00
   2.6778419e-01  -1.5162184e+00
   1.9730088e+00  -1.2239536e+00
   1.0223872e+00   2.5590848e+00
   1.2183576e+00   3.7211719e-03
   1.7775665e+00  -1.4896321e+00
   8.1226130e-01   2.7582859e+00
   9.8958267e-01  -1.8687759e+00
   1.9132300e+00  -1.7670501e+00
   1.2271185e+00   2.0591809e+00
   2.8482851e+00  -2.3046539e+00
   2.5277750e+00   1.5403664e+00
   2.3738203e+00  -5.0160562e-01
   7.7158891e-01  -9.4194596e-01
   1.6646860e+00  -1.3018834e-01
   9.1185213e-01   2.4528702e+00
   2.3752915e+00   2.7437842e+00
   2.0277611e+00   2.0081836e-01
   1.3212708e+00   1.9456205e+00
   1.4812486e+00   1.6343775e+00
   9.1085627e-01  -1.9367865e-01
   2.4820143e+00  -1.7038074e+00
   1.1376965e+00  -3.0255640e+00
   1.0156434e+00  -1.0020849e+00
   1.3856505e+00   2.6073388e+00
   9.4105719e-01   1.7965398e+00
   7.4522689e-01   1.7768482e-01
   1.5280745e+00   5.1360984e-01
   2.0531148e+00  -1.8530205e+00
   2.1679518e+00   2.4071513e+00
   3.8418949e-01  -1.9139203e+00
   5.1741621e-02  -1.5771205e+00
   2.2899611e+00   2.6720030e+00
   1.8216666e+00   3.0935203e+00
   2.8016262e+00  -2.1389606e+00
   1.6345114e+00   1.2532950e+00
   2.5336247e+00   2.3535524e+00
   2.6721441e+00  -1.0698834e+00
   2.1444446e+00  -9.1203673e-01
   2.9720935e-01  -4.1470569e-01
   2.1265001e+00  -2.5875005e-02
   1.9836649e+00  -5.3471150e-01
   1.4034694e+00  -1.5526903e-01
   9.8601883e-01  -1.1634687e+00
   2.0114880e+00   2.7603772e-01
   8.2028166e-01  -1.3252089e+00
   2.8258102e-01   4.1368968e-01
   1.4753424e+00   8.0222038e-01
   1.1706273e+00   2.3181856e+00
   1.9764740e+00   2.1943675e+00
   6.9524857e-01  -2.7851543e+00
   2.7406483e+00  -1.7286827e+00
   6.1466184e-01  -2.8697504e+00
   2.4559506e+00  -3.1290009e+00
   7.0367098e-01  -1.0736544e+00
   9.5306743e-01  -3.0632777e+00
   9.7329705e-01   6.2465461e-01
   1.5874136e+00  -2.0263404e+00
   1.0658222e+00  -3.0276801e-01
   1.4553937e+00  -1.0607618e+00
   7.4808446e-01  -1.9187738e+00
   1.6187566e+00   2.4192458e+00
   1.8696545e+00  -2.5780113e+00
   1.9011298e+00   2.2750266e+00
   4.1728790e-01   3.0422075e+00
   4.2510147e-01   2.0263876e+00
   1.0750275e+00  -2.6664118e+00
   3.1567334e-01  -2.1871448e+00
   1.0385454e+00  -2.2101915e-01
   1.6890609e+00   1.9786804e-02
   2.4294139e+00   1.7963542e+00
   2.2879693e+00   2.1812191e+00
   1.7375106e+00   4.5768643e-01
   8.4752708e-01  -2.6661057e-01
   1.8953437e+00   2.7930232e+00
   1.1662284e+00   2.4374684e+00
   1.9605063e+00   9.6177244e-01
   2.8051980e+00  -2.9404060e+00
   1.0824142e+00   2.5938524e+00
   1.4605423e+00  -1.1339432e+00
   1.8985752e+00  -5.6215081e-01
   2.2071288e+00  -9.6515399e-01
   2.9533859e+00  -1.6287171e+00
   1.6489554e+00   6.9223091e-01
   2.7587957e+00  -8.7644380e-01
   1.9153526e+00  -3.0016351e+00
   7.6701825e-01   1.5322545e+00
   2.5137585e+00   1.9693027e+00
   1.9654074e+00   2.7527348e+00
   1.8433088e+00  -2.7670604e+00
   5.8397724e-01   1.5043412e-01
   2.0066138e+00   1.2393716e+00
   6.2085182e-01   9.3390428e-01
   2.2502755e-01   2.6239195e+00
   1.4458004e+00   9.6896765e-01
   1.3042739e+00  -6.5850517e-01
   1.8641811e+00  -1.3111757e+00
   1.7323443e+00  -1.6288287e+00
   1.6272806e+00   2.0704180e+00
   1.0441486e+00   1.3375298e-01
   1.5563619e+00  -1.3033921e+00
   1.2526538e+00   4.2479835e-01
   2.3640285e+00  -2.3038766e+00
   3.5245754e-01  -1.5809135e+00
   1.4913646e+00   2.0743377e-01
   2.3092865e+00  -1.9466753e+00
   1.8187092e+00  -6.0207525e-01
   1.7555201e+00   3.4861025e-01
   2.0283580e+00  -2.7565615e+00
   1.7656623e+00   1.3501694e+00
   2.5277750e+00  -1.6012262e+00
   2.3738203e+00   2.6399870e+00
   7.7158891e-01   2.1996467e+00
   1.6646860e+00   3.0114043e+00
   9.1185213e-01  -6.8872245e-01
   2.3752915e+00  -3.9780843e-01
   2.0277611e+00  -2.9407743e+00
   1.3212708e+00  -1.1959722e+00
   1.4812486e+00  -1.5072151e+00
   9.1085627e-01   2.9479140e+00
   2.4820143e+00   1.4377852e+00
   1.1376965e+00   1.1602862e-01
   1.0156434e+00   2.1395077e+00
   1.3856505e+00  -5.3425386e-01
   9.4105719e-01  -1.3450528e+00
   7.4522689e-01  -2.9639078e+00
   1.5280745e+00  -2.6279828e+00
   2.0531148e+00   1.2885722e+00
   2.1679518e+00  -7.3444133e-01
   3.8418949e-01   1.2276723e+00
   5.1741621e-02   1.5644722e+00
   2.2899611e+00  -4.6958961e-01
   1.8216666e+00  -4.8072382e-02
   2.8016262e+00   1.0026320e+00
   1.6345114e+00  -1.8882977e+00
   2.5336247e+00  -7.8804025e-01
   2.6721441e+00   2.0717092e+00
   2.1444446e+00   2.2295559e+00
   2.9720935e-01   2.7268870e+00
   2.1265001e+00   3.1157176e+00
   1.9836649e+00   2.6068812e+00
   1.4034694e+00   2.9863236e+00
   9.8601883e-01   1.9781240e+00
   2.0114880e+00  -2.8655549e+00
   8.2028166e-01   1.8163838e+00
   2.8258102e-01  -2.7279030e+00
   1.4753424e+00  -2.3393723e+00
   1.1706273e+00  -8.2340705e-01
   1.9764740e+00  -9.4722514e-01
   6.9524857e-01   3.5643834e-01
   2.7406483e+00   1.4129100e+00
   6.1466184e-01   2.7184228e-01
   2.4559506e+00   1.2591734e-02
   7.0367098e-01   2.0679382e+00
   9.5306743e-01   7.8314923e-02
   9.7329705e-01  -2.5169380e+00
   1.5874136e+00   1.1152522e+00
   1.0658222e+00   2.8388246e+00
   1.4553937e+00   2.0808308e+00
   7.4808446e-01   1.2228188e+00
   1.6187566e+00  -7.2234689e-01
   1.8696545e+00   5.6358132e-01
   1.9011298e+00  -8.6656601e-01
   4.1728790e-01  -9.9385170e-02
   4.2510147e-01  -1.1152051e+00
   1.0750275e+00   4.7518088e-01
   3.1567334e-01   9.5444789e-01
   1.0385454e+00   2.9205735e+00
   1.6890609e+00  -3.1218059e+00
   2.4294139e+00  -1.3452384e+00
   2.2879693e+00  -9.6037351e-01
   1.7375106e+00  -2.6839062e+00
   8.4752708e-01   2.8749821e+00
   1.8953437e+00  -3.4856949e-01
   1.1662284e+00  -7.0412421e-01
   1.9605063e+00  -2.1798202e+00
   2.8051980e+00   2.0118665e-01
   1.0824142e+00  -5.4774022e-01
   1.4605423e+00   2.0076494e+00
   1.8985752e+00   2.5794418e+00
   2.2071288e+00   2.1764387e+00
   2.9533859e+00   1.5128755e+00
   1.6489554e+00  -2.4493617e+00
   2.7587957e+00   2.2651489e+00
   1.9153526e+00   1.3995757e-01
   7.6701825e-01  -1.6093381e+00
   2.5137585e+00  -1.1722899e+00
   1.9654074e+00  -3.8885789e-01
   1.8433088e+00   3.7453230e-01
   5.8397724e-01  -2.9911585e+00
   2.0066138e+00  -1.9022211e+00
   6.2085182e-01  -2.2076884e+00
   2.2502755e-01  -5.1767313e-01
   1.4458004e+00  -2.1726250e+00
   1.3042739e+00   2.4830875e+00
   1.8641811e+00   1.8304170e+00
   1.7323443e+00   1.5127640e+00
   1.6272806e+00  -1.0711747e+00
   1.0441486e+00  -3.0078397e+00
   1.5563619e+00   1.8382005e+00
   1.2526538e+00  -2.7167943e+00
   2.3640285e+00   8.3771606e-01
   3.5245754e-01   1.5606792e+00
   1.4913646e+00  -2.9341589e+00
   2.3092865e+00   1.1949174e+00
   1.8187092e+00   2.5395174e+00
   1.7555201e+00  -2.7929824e+00
   2.0283580e+00   3.8503111e-01
   1.7656623e+00  -1.7914233e+00
   6.1381765e-01   1.6012262e+00
   7.6777240e-01  -2.6399870e+00
   2.3700037e+00  -2.1996467e+00
   1.4769066e+00  -3.0114043e+00
   2.2297405e+00   6.8872245e-01
   7.6630116e-01   3.9780843e-01
   1.1138316e+00   2.9407743e+00
   1.8203218e+00   1.1959722e+00
   1.6603440e+00   1.5072151e+00
   2.2307364e+00  -2.9479140e+00
   6.5957836e-01  -1.4377852e+00
   2.0038961e+00  -1.1602862e-01
   2.1259492e+00  -2.1395077e+00
   1.7559422e+00   5.3425386e-01
   2.2005355e+00   1.3450528e+00
   2.3963658e+00   2.9639078e+00
   1.6135181e+00   2.6279828e+00
   1.0884779e+00  -1.2885722e+00
   9.7364081e-01   7.3444133e-01
   2.7574032e+00  -1.2276723e+00
   3.0898510e+00  -1.5644722e+00
   8.5163157e-01   4.6958961e-01
   1.3199260e+00   4.8072382e-02
   3.3996648e-01  -1.0026320e+00
   1.5070813e+00   1.8882977e+00
   6.0796793e-01   7.8804025e-01
   4.6944854e-01  -2.0717092e+00
   9.9714810e-01  -2.2295559e+00
   2.8443833e+00  -2.7268870e+00
   1.0150926e+00  -3.1157176e+00
   1.1579277e+00  -2.6068812e+00
   1.7381232e+00  -2.9863236e+00
   2.1555738e+00  -1.9781240e+00
   1.1301047e+00   2.8655549e+00
   2.3213110e+00  -1.8163838e+00
   2.8590116e+00   2.7279030e+00
   1.6662503e+00   2.3393723e+00
   1.9709653e+00   8.2340705e-01
   1.1651187e+00   9.4722514e-01
   2.4463441e+00  -3.5643834e-01
   4.0094431e-01  -1.4129100e+00
   2.5269308e+00  -2.7184228e-01
   6.8564205e-01  -1.2591734e-02
   2.4379217e+00  -2.0679382e+00
   2.1885252e+00  -7.8314923e-02
   2.1682956e+00   2.5169380e+00
   1.5541791e+00  -1.1152522e+00
   2.0757705e+00  -2.8388246e+00
   1.6861990e+00  -2.0808308e+00
   2.3935082e+00  -1.2228188e+00
   1.5228360e+00   7.2234689e-01
   1.2719382e+00  -5.6358132e-01
   1.2404628e+00   8.6656601e-01
   2.7243048e+00   9.9385170e-02
   2.7164912e+00   1.1152051e+00
   2.0665652e+00  -4.7518088e-01
   2.8259193e+00  -9.5444789e-01
   2.1030473e+00  -2.9205735e+00
   1.4525318e+00   3.1218059e+00
   7.1217872e-01   1.3452384e+00
   8.5362340e-01   9.6037351e-01
   1.4040821e+00   2.6839062e+00
   2.2940656e+00  -2.8749821e+00
   1.2462490e+00   3.4856949e-01
   1.9753643e+00   7.0412421e-01
   1.1810864e+00   2.1798202e+00
   3.3639465e-01  -2.0118665e-01
   2.0591784e+00   5.4774022e-01
   1.6810504e+00  -2.0076494e+00
   1.2430175e+00  -2.5794418e+00
   9.3446384e-01  -2.1764387e+00
   1.8820673e-01  -1.5128755e+00
   1.4926373e+00   2.4493617e+00
   3.8279693e-01  -2.2651489e+00
   1.2262401e+00  -1.3995757e-01
   2.3745744e+00   1.6093381e+00
   6.2783417e-01   1.1722899e+00
   1.1761852e+00   3.8885789e-01
   1.2982838e+00  -3.7453230e-01
   2.5576154e+00   2.9911585e+00
   1.1349788e+00   1.9022211e+00
   2.5207408e+00   2.2076884e+00
   2.9165651e+00   5.1767313e-01
   1.6957922e+00   2.1726250e+00
   1.8373187e+00  -2.4830875e+00
   1.2774115e+00  -1.8304170e+00
   1.4092483e+00  -1.5127640e+00
   1.5143121e+00   1.0711747e+00
   2.0974440e+00   3.0078397e+00
   1.5852307e+00  -1.8382005e+00
   1.8889389e+00   2.7167943e+00
   7.7756414e-01  -8.3771606e-01
   2.7891351e+00  -1.5606792e+00
   1.6502280e+00   2.9341589e+00
   8.3230620e-01  -1.1949174e+00
   1.3228835e+00  -2.5395174e+00
   1.3860726e+00   2.7929824e+00
   1.1132346e+00  -3.8503111e-01
   1.3759303e+00   1.7914233e+00
   2.5277750e+00   3.1111627e+00
   2.3738203e+00   1.0691907e+00
   7.7158891e-01   6.2885036e-01
   1.6646860e+00   1.4406080e+00
   9.1185213e-01  -2.2595188e+00
   2.3752915e+00  -1.9686048e+00
   2.0277611e+00   1.7716147e+00
   1.3212708e+00  -2.7667685e+00
   1.4812486e+00  -3.0780115e+00
   9.1085627e-01   1.3771177e+00
   2.4820143e+00  -1.3301111e-01
   1.1376965e+00  -1.4547677e+00
   1.0156434e+00   5.6871140e-01
   1.3856505e+00  -2.1050502e+00
   9.4105719e-01  -2.9158491e+00
   7.4522689e-01   1.7484812e+00
   1.5280745e+00   2.0844062e+00
   2.0531148e+00  -2.8222414e-01
   2.1679518e+00  -2.3052377e+00
   3.8418949e-01  -3.4312399e-01
   5.1741621e-02  -6.3241408e-03
   2.2899611e+00  -2.0403859e+00
   1.8216666e+00  -1.6188687e+00
   2.8016262e+00  -5.6816429e-01
   1.6345114e+00   2.8240913e+00
   2.5336247e+00  -2.3588366e+00
   2.6721441e+00   5.0091291e-01
   2.1444446e+00   6.5875960e-01
   2.9720935e-01   1.1560906e+00
   2.1265001e+00   1.5449213e+00
   1.9836649e+00   1.0360848e+00
   1.4034694e+00   1.4155273e+00
   9.8601883e-01   4.0732763e-01
   2.0114880e+00   1.8468340e+00
   8.2028166e-01   2.4558745e-01
   2.8258102e-01   1.9844860e+00
   1.4753424e+00   2.3730167e+00
   1.1706273e+00  -2.3942034e+00
   1.9764740e+00  -2.5180215e+00
   6.9524857e-01  -1.2143580e+00
   2.7406483e+00  -1.5788635e-01
   6.1466184e-01  -1.2989540e+00
   2.4559506e+00  -1.5582046e+00
   7.0367098e-01   4.9714190e-01
   9.5306743e-01  -1.4924814e+00
   9.7329705e-01   2.1954509e+00
   1.5874136e+00  -4.5554411e-01
   1.0658222e+00   1.2680283e+00
   1.4553937e+00   5.1003450e-01
   7.4808446e-01  -3.4797749e-01
   1.6187566e+00  -2.2931432e+00
   1.8696545e+00  -1.0072150e+00
   1.9011298e+00  -2.4373623e+00
   4.1728790e-01  -1.6701815e+00
   4.2510147e-01  -2.6860014e+00
   1.0750275e+00  -1.0956154e+00
   3.1567334e-01  -6.1634844e-01
   1.0385454e+00   1.3497772e+00
   1.6890609e+00   1.5905831e+00
   2.4294139e+00  -2.9160347e+00
   2.2879693e+00  -2.5311698e+00
   1.7375106e+00   2.0284828e+00
   8.4752708e-01   1.3041858e+00
   1.8953437e+00  -1.9193658e+00
   1.1662284e+00  -2.2749205e+00
   1.9605063e+00   2.5325688e+00
   2.8051980e+00  -1.3696097e+00
   1.0824142e+00  -2.1185365e+00
   1.4605423e+00   4.3685311e-01
   1.8985752e+00   1.0086455e+00
   2.2071288e+00   6.0564234e-01
   2.9533859e+00  -5.7920785e-02
   1.6489554e+00   2.2630272e+00
   2.7587957e+00   6.9435252e-01
   1.9153526e+00  -1.4308388e+00
   7.6701825e-01   3.1030508e+00
   2.5137585e+00  -2.7430863e+00
   1.9654074e+00  -1.9596542e+00
   1.8433088e+00  -1.1962640e+00
   5.8397724e-01   1.7212304e+00
   2.0066138e+00   2.8101679e+00
   6.2085182e-01   2.5047006e+00
   2.2502755e-01  -2.0884695e+00
   1.4458004e+00   2.5397640e+00
   1.3042739e+00   9.1229116e-01
   1.8641811e+00   2.5962063e-01
   1.7323443e+00  -5.8032333e-02
   1.6272806e+00  -2.6419710e+00
   1.0441486e+00   1.7045493e+00
   1.5563619e+00   2.6740421e-01
   1.2526538e+00   1.9955947e+00
   2.3640285e+00  -7.3308027e-01
   3.5245754e-01  -1.0117158e-02
   1.4913646e+00   1.7782301e+00
   2.3092865e+00  -3.7587897e-01
   1.8187092e+00   9.6872108e-01
   1.7555201e+00   1.9194066e+00
   2.0283580e+00  -1.1857652e+00
   1.7656623e+00   2.9209657e+00
   2.5277750e+00  -3.0429912e-02
   2.3738203e+00  -2.0724019e+00
   7.7158891e-01  -2.5127423e+00
   1.6646860e+00  -1.7009847e+00
   9.1185213e-01   8.8207387e-01
   2.3752915e+00   1.1729879e+00
   2.0277611e+00  -1.3699780e+00
   1.3212708e+00   3.7482412e-01
   1.4812486e+00   6.3581200e-02
   9.1085627e-01  -1.7644750e+00
   2.4820143e+00   3.0085815e+00
   1.1376965e+00   1.6868249e+00
   1.0156434e+00  -2.5728813e+00
   1.3856505e+00   1.0365425e+00
   9.4105719e-01   2.2574352e-01
   7.4522689e-01  -1.3931115e+00
   1.5280745e+00  -1.0571865e+00
   2.0531148e+00   2.8593685e+00
   2.1679518e+00   8.3635500e-01
   3.8418949e-01   2.7984687e+00
   5.1741621e-02   3.1352685e+00
   2.2899611e+00   1.1012067e+00
   1.8216666e+00   1.5227239e+00
   2.8016262e+00   2.5734284e+00
   1.6345114e+00  -3.1750135e-01
   2.5336247e+00   7.8275608e-01
   2.6721441e+00  -2.6406797e+00
   2.1444446e+00  -2.4828331e+00
   2.9720935e-01  -1.9855020e+00
   2.1265001e+00  -1.5966713e+00
   1.9836649e+00  -2.1055078e+00
   1.4034694e+00  -1.7260654e+00
   9.8601883e-01  -2.7342650e+00
   2.0114880e+00  -1.2947586e+00
   8.2028166e-01  -2.8960052e+00
   2.8258102e-01  -1.1571066e+00
   1.4753424e+00  -7.6857594e-01
   1.1706273e+00   7.4738927e-01
   1.9764740e+00   6.2357119e-01
   6.9524857e-01   1.9272347e+00
   2.7406483e+00   2.9837063e+00
   6.1466184e-01   1.8426386e+00
   2.4559506e+00   1.5833881e+00
   7.0367098e-01  -2.6444508e+00
   9.5306743e-01   1.6491112e+00
   9.7329705e-01  -9.4614172e-01
   1.5874136e+00   2.6860485e+00
   1.0658222e+00  -1.8735643e+00
   1.4553937e+00  -2.6315581e+00
   7.4808446e-01   2.7936152e+00
   1.6187566e+00   8.4844944e-01
   1.8696545e+00   2.1343776e+00
   1.9011298e+00   7.0423032e-01
   4.1728790e-01   1.4714112e+00
   4.2510147e-01   4.5559125e-01
   1.0750275e+00   2.0459772e+00
   3.1567334e-01   2.5252442e+00
   1.0385454e+00  -1.7918155e+00
   1.6890609e+00  -1.5510095e+00
   2.4294139e+00   2.2555792e-01
   2.2879693e+00   6.1042282e-01
   1.7375106e+00  -1.1131099e+00
   8.4752708e-01  -1.8374069e+00
   1.8953437e+00   1.2222268e+00
   1.1662284e+00   8.6667211e-01
   1.9605063e+00  -6.0902388e-01
   2.8051980e+00   1.7719830e+00
   1.0824142e+00   1.0230561e+00
   1.4605423e+00  -2.7047395e+00
   1.8985752e+00  -2.1329471e+00
   2.2071288e+00  -2.5359503e+00
   2.9533859e+00   3.0836719e+00
   1.6489554e+00  -8.7856542e-01
   2.7587957e+00  -2.4472401e+00
   1.9153526e+00   1.7107539e+00
   7.6701825e-01  -3.8541807e-02
   2.5137585e+00   3.9850640e-01
   1.9654074e+00   1.1819384e+00
   1.8433088e+00   1.9453286e+00
   5.8397724e-01  -1.4203622e+00
   2.0066138e+00  -3.3142473e-01
   6.2085182e-01  -6.3689205e-01
   2.2502755e-01   1.0531232e+00
   1.4458004e+00  -6.0182868e-01
   1.3042739e+00  -2.2293015e+00
   1.8641811e+00  -2.8819720e+00
   1.7323443e+00   3.0835603e+00
   1.6272806e+00   4.9962165e-01
   1.0441486e+00  -1.4370433e+00
   1.5563619e+00  -2.8741884e+00
   1.2526538e+00  -1.1459980e+00
   2.3640285e+00   2.4085124e+00
   3.5245754e-01   3.1314755e+00
   1.4913646e+00  -1.3633626e+00
   2.3092865e+00   2.7657137e+00
   1.8187092e+00  -2.1728716e+00
   1.7555201e+00  -1.2221861e+00
   2.0283580e+00   1.9558274e+00
   1.7656623e+00  -2.2062697e-01
   2.1842878e+00   1.5922312e+00
   1.2302992e+00   2.2732171e+00
   9.7170858e-01  -2.0905163e+00
   1.4411846e+00   3.0469064e+00
   2.0972747e+00  -7.8692160e-01
   1.8427890e+00   8.4501071e-01
   1.7507711e+00   2.6765399e+00
   2.6946019e+00  -6.0808189e-01
   3.0318177e+00  -9.5495454e-01
   1.4181473e+00  -2.4724901e+00
   9.1804925e-01   1.4683197e+00
   1.4655225e+00  -4.3567538e-01
   7.7266273e-01  -2.2858298e+00
   2.0949685e+00  -2.1427506e-01
   2.4778239e+00  -1.2727851e+00
   1.6909471e+00  -2.3081193e+00
   2.0838915e+00  -3.0925517e+00
   5.5315073e-01   1.0819403e+00
   2.1581876e+00   7.4166477e-01
   1.2100639e+00  -1.4356141e+00
   1.5190557e+00  -1.5704688e+00
   1.9181987e+00   7.7625315e-01
   1.6173628e+00   2.5114842e-01
   1.2858913e+00   1.3827251e+00
   2.8179735e+00   2.9400038e+00
   1.9877375e+00   1.1145578e+00
   1.1627515e+00   1.8097478e+00
   8.4440821e-01   2.3291867e+00
   1.4525243e+00  -1.8441011e+00
   1.5488154e+00   2.5857389e+00
   1.0851573e+00   2.6706839e+00
   1.4177131e+00  -2.9722668e+00
   6.9880283e-01  -2.1100445e+00
   1.8198693e+00   2.6858297e+00
   7.8215841e-01  -1.8258282e+00
   1.6831215e+00  -1.8306436e+00
   2.3683200e+00  -3.0047137e+00
   2.3124641e+00  -5.5665416e-01
   2.4126946e+00   6.3417368e-01
   1.3453701e+00  -9.0727342e-01
   1.1751188e+00   1.5042434e+00
   1.4153278e+00  -9.7364754e-01
   1.5628237e+00   8.8519313e-01
   9.6587343e-01  -1.9553499e+00
   1.5069762e+00  -6.1917901e-01
   2.0754390e+00  -2.4435886e+00
   4.5582585e-01   3.7756199e-02
   1.3067914e+00  -2.6166675e+00
   5.2180135e-01  -2.9084740e+00
   8.7699346e-01  -1.2643134e+00
   2.2921304e+00   6.3887220e-02
   1.0349871e+00   3.4948812e-01
   2.3759051e+00   4.8705757e-01
   1.6110200e+00  -1.1553382e+00
   1.9501794e+00  -1.3741823e+00
   1.1566399e+00  -5.4643011e-01
   1.3146743e+00  -1.3842015e+00
   1.3807563e+00  -2.5985096e+00
   1.5904449e+00   3.0233052e+00
   2.2613076e+00   1.3800609e+00
   2.2364316e+00   9.8930897e-01
   2.0216648e+00   2.9561648e+00
   1.3719850e+00  -2.4004411e+00
   1.9004580e+00   3.4375856e-01
   2.2081943e+00  -5.1185370e-01
   2.4321225e+00   2.5189206e+00
   1.5047866e+00   1.2407001e+00
   2.0486553e+00  -5.5669931e-01
   4.4968065e-01  -2.8856765e+00
   1.0418432e+00   2.7594564e+00
   8.4834116e-01   2.2272885e+00
   1.3829090e+00   1.5597713e+00
   2.2604988e+00   3.0402058e+00
   1.2796657e+00   1.8229685e+00
   1.4391141e+00   3.4769212e-01
   2.3370990e+00  -1.6079205e+00
   2.1428574e+00   1.2962656e+00
   1.9283611e+00   4.2289993e-01
   1.2107292e+00   2.9171438e-01
   1.6535195e+00  -2.1495608e+00
   2.6005883e+00   2.1806770e+00
   2.0574596e+00  -1.9729437e+00
   1.6814415e+00  -1.3744474e+00
   2.5284969e+00  -2.9231935e+00
   9.3932938e-01  -2.8092045e+00
   3.8926062e-01   2.2751493e+00
   1.7156966e-01   1.2288784e+00
   2.6390569e+00   1.1748025e-01
   1.6863378e+00  -2.6110379e+00
   2.6778419e-01  -3.0870148e+00
   1.9730088e+00  -2.7947499e+00
   1.0223872e+00   9.8828851e-01
   1.2183576e+00  -1.5670752e+00
   1.7775665e+00  -3.0604284e+00
   8.1226130e-01   1.1874896e+00
   9.8958267e-01   2.8436131e+00
   1.9132300e+00   2.9453388e+00
   1.2271185e+00   4.8838453e-01
   2.8482851e+00   2.4077351e+00
   9.5730484e-01  -1.5922312e+00
   1.9112934e+00  -2.2732171e+00
   2.1698841e+00   2.0905163e+00
   1.7004080e+00  -3.0469064e+00
   1.0443179e+00   7.8692160e-01
   1.2988036e+00  -8.4501071e-01
   1.3908216e+00  -2.6765399e+00
   4.4699075e-01   6.0808189e-01
   1.0977499e-01   9.5495454e-01
   1.7234454e+00   2.4724901e+00
   2.2235434e+00  -1.4683197e+00
   1.6760701e+00   4.3567538e-01
   2.3689299e+00   2.2858298e+00
   1.0466241e+00   2.1427506e-01
   6.6376873e-01   1.2727851e+00
   1.4506456e+00   2.3081193e+00
   1.0577011e+00   3.0925517e+00
   2.5884419e+00  -1.0819403e+00
   9.8340503e-01  -7.4166477e-01
   1.9315288e+00   1.4356141e+00
   1.6225369e+00   1.5704688e+00
   1.2233940e+00  -7.7625315e-01
   1.5242299e+00  -2.5114842e-01
   1.8557014e+00  -1.3827251e+00
   3.2361912e-01  -2.9400038e+00
   1.1538551e+00  -1.1145578e+00
   1.9788411e+00  -1.8097478e+00
   2.2971844e+00  -2.3291867e+00
   1.6890684e+00   1.8441011e+00
   1.5927772e+00  -2.5857389e+00
   2.0564353e+00  -2.6706839e+00
   1.7238796e+00   2.9722668e+00
   2.4427898e+00   2.1100445e+00
   1.3217233e+00  -2.6858297e+00
   2.3594342e+00   1.8258282e+00
   1.4584712e+00   1.8306436e+00
   7.7327262e-01   3.0047137e+00
   8.2912853e-01   5.5665416e-01
   7.2889804e-01  -6.3417368e-01
   1.7962226e+00   9.0727342e-01
   1.9664739e+00  -1.5042434e+00
   1.7262648e+00   9.7364754e-01
   1.5787689e+00  -8.8519313e-01
   2.1757192e+00   1.9553499e+00
   1.6346164e+00   6.1917901e-01
   1.0661537e+00   2.4435886e+00
   2.6857668e+00  -3.7756199e-02
   1.8348012e+00   2.6166675e+00
   2.6197913e+00   2.9084740e+00
   2.2645992e+00   1.2643134e+00
   8.4946229e-01  -6.3887220e-02
   2.1066055e+00  -3.4948812e-01
   7.6568756e-01  -4.8705757e-01
   1.5305727e+00   1.1553382e+00
   1.1914132e+00   1.3741823e+00
   1.9849528e+00   5.4643011e-01
   1.8269183e+00   1.3842015e+00
   1.7608363e+00   2.5985096e+00
   1.5511478e+00  -3.0233052e+00
   8.8028510e-01  -1.3800609e+00
   9.0516103e-01  -9.8930897e-01
   1.1199278e+00  -2.9561648e+00
   1.7696076e+00   2.4004411e+00
   1.2411347e+00  -3.4375856e-01
   9.3339840e-01   5.1185370e-01
   7.0947019e-01  -2.5189206e+00
   1.6368061e+00  -1.2407001e+00
   1.0929374e+00   5.5669931e-01
   2.6919120e+00   2.8856765e+00
   2.0997495e+00  -2.7594564e+00
   2.2932515e+00  -2.2272885e+00
   1.7586837e+00  -1.5597713e+00
   8.8109388e-01  -3.0402058e+00
   1.8619270e+00  -1.8229685e+00
   1.7024785e+00  -3.4769212e-01
   8.0449366e-01   1.6079205e+00
   9.9873524e-01  -1.2962656e+00
   1.2132315e+00  -4.2289993e-01
   1.9308634e+00  -2.9171438e-01
   1.4880732e+00   2.1495608e+00
   5.4100435e-01  -2.1806770e+00
   1.0841330e+00   1.9729437e+00
   1.4601511e+00   1.3744474e+00
   6.1309576e-01   2.9231935e+00
   2.2022633e+00   2.8092045e+00
   2.7523320e+00  -2.2751493e+00
   2.9700230e+00  -1.2288784e+00
   5.0253578e-01  -1.1748025e-01
   1.4552548e+00   2.6110379e+00
   2.8738085e+00   3.0870148e+00
   1.1685838e+00   2.7947499e+00
   2.1192055e+00  -9.8828851e-01
   1.9232350e+00   1.5670752e+00
   1.3640261e+00   3.0604284e+00
   2.3293314e+00  -1.1874896e+00
   2.1520100e+00  -2.8436131e+00
   1.2283626e+00  -2.9453388e+00
   1.9144741e+00  -4.8838453e-01
   2.9330758e-01  -2.4077351e+00
   1.5532707e+00   6.1359964e-01
   9.1602766e-01  -4.3457974e-01
   1.1481801e+00  -2.4750316e+00
   1.6035706e-01  -9.4325384e-01
   2.2273867e+00   2.4543648e+00
   2.2644140e+00   3.5690904e-01
   4.9627675e-01   3.8540896e-01
   1.9334648e+00   1.8380925e+00
   1.6341224e+00   1.6605244e+00
   6.8367337e-01  -2.8984731e+00
   1.6521530e+00  -6.5528677e-01
   2.6941724e+00  -2.8962600e+00
   1.0954261e+00  -2.2053288e+00
   2.5791214e+00   1.9232526e+00
   1.7526938e+00   2.2128146e+00
   8.4000157e-01   2.9799240e+00
   5.1522502e-01   1.6575830e+00
   1.8200932e+00  -1.0717018e+00
   2.2316082e+00   7.7814240e-01
   1.6972297e+00  -2.7778231e+00
   1.5711234e+00  -3.0898521e+00
   2.3062407e+00   4.7701046e-01
   2.8862533e+00   1.8536076e-01
   1.7512009e+00  -2.8973990e-01
   1.2539617e+00   1.5037390e+00
   1.9854045e+00   4.5833188e-01
   1.3517981e+00  -4.1864738e-01
   1.0307803e+00  -8.8571204e-01
   1.2994494e+00  -3.0188065e+00
   5.5624256e-01  -4.1639245e-02
   6.6305082e-01  -8.6075534e-01
   2.2777397e-01  -2.4002402e+00
   1.2341436e+00  -2.1954837e+00
   5.1515430e-01   5.2399982e-01
   1.3920384e+00  -2.3365201e+00
   1.3126241e+00   3.0254001e+00
   8.0661270e-01   1.7031995e+00
   2.2472410e+00   2.0939100e+00
   2.1371312e+00   1.0841604e+00
   2.2146891e+00  -2.8583356e+00
   1.6322003e+00  -3.9646638e-01
   2.1597668e+00  -2.9542809e+00
   2.2563735e+00  -1.0299853e-02
   1.2571025e+00  -2.5007454e+00
   2.5195627e+00  -3.0319199e+00
   8.3574291e-01   2.4316501e+00
   2.0262728e+00  -1.5522925e+00
   5.8197449e-01  -2.6469317e+00
   1.0644788e+00  -1.7028457e+00
   1.8048870e+00  -2.4242354e+00
   2.4179419e+00   1.4983268e+00
   2.5113353e+00  -1.0476817e+00
   2.2299432e+00   1.1479991e+00
   1.9858976e+00   3.0976337e+00
   1.7532663e+00   2.7554697e+00
   2.4689084e+00  -2.4394636e+00
   1.7512362e+00  -2.8811465e+00
   5.7220971e-01  -2.7852509e+00
   1.1990074e-01   1.6500411e-01
   1.7174736e+00   6.9951268e-01
   2.0175192e+00   7.5426827e-01
   4.8507597e-01   1.2069295e+00
   7.6242883e-01  -2.8515885e+00
   2.6698922e+00   7.9293473e-01
   2.3471045e+00   2.1551653e+00
   1.0131706e+00   1.1065515e+00
   1.9001465e+00  -6.9765019e-02
   2.4247741e+00   2.3662242e+00
   1.1367765e+00  -1.6923707e+00
   6.4172645e-01  -1.0029214e+00
   1.0951995e+00  -8.3869684e-01
   1.5816273e+00  -1.8789850e-01
   6.9590495e-01   1.4486995e+00
   1.3294515e+00  -3.0008647e-01
   2.7707493e+00  -3.7074589e-01
   1.5440521e+00   2.3749456e+00
   1.8007510e+00   5.8956790e-01
   2.5948576e+00   7.3851929e-01
   2.6822286e+00  -9.1845518e-01
   9.9426461e-01   3.0428721e+00
   1.2713672e+00   1.1131811e+00
   1.2175414e+00   2.6197733e+00
   1.7659291e+00   3.0287980e+00
   9.7431634e-01   1.7220651e+00
   7.0288104e-01  -1.9904478e+00
   1.3225085e+00  -1.2678404e+00
   1.6280722e+00  -1.4089807e+00
   2.0695477e+00   1.5064665e+00
   5.4181215e-01   2.9161331e+00
   1.3034207e+00  -1.5857625e+00
   5.2484821e-01   2.2449742e+00
   2.0594613e+00  -6.3159717e-01
   1.5742888e+00  -2.7891517e+00
   2.2191748e-01   1.9396098e+00
   1.8457040e+00  -7.9618860e-01
   6.4522463e-01  -1.1504995e+00
   3.9275343e-01   1.0702523e+00
   2.5525094e+00  -6.5160871e-01
   1.3544121e+00   1.3712156e+00
   1.5883219e+00   2.5279930e+00
   2.2255650e+00  -2.7070129e+00
   1.9934126e+00  -6.6656107e-01
   2.9812356e+00  -2.1983388e+00
   9.1420594e-01   6.8722784e-01
   8.7717866e-01   2.7846836e+00
   2.6453159e+00   2.7561837e+00
   1.2081279e+00   1.3035002e+00
   1.5074702e+00   1.4810683e+00
   2.4579193e+00  -2.4311953e-01
   1.4894397e+00  -2.4863059e+00
   4.4742024e-01  -2.4533263e-01
   2.0461666e+00  -9.3626384e-01
   5.6247129e-01   1.2183401e+00
   1.3888989e+00   9.2877809e-01
   2.3015911e+00   1.6166866e-01
   2.6263676e+00   1.4840096e+00
   1.3214995e+00  -2.0698908e+00
   9.0998444e-01   2.3634502e+00
   1.4443629e+00  -3.6376956e-01
   1.5704693e+00  -5.1740588e-02
   8.3535198e-01   2.6645822e+00
   2.5533932e-01   2.9562319e+00
   1.3903917e+00  -2.8518528e+00
   1.8876309e+00   1.6378537e+00
   1.1561881e+00   2.6832608e+00
   1.7897945e+00  -2.7229453e+00
   2.1108124e+00  -2.2558806e+00
   1.8421433e+00  -1.2278620e-01
   2.5853501e+00  -3.0999534e+00
   2.4785418e+00  -2.2808373e+00
   2.9138187e+00  -7.4135246e-01
   1.9074490e+00  -9.4610900e-01
   2.6264384e+00   2.6175928e+00
   1.7495542e+00  -8.0507256e-01
   1.8289685e+00   1.1619254e-01
   2.3349800e+00   1.4383932e+00
   8.9435164e-01   1.0476827e+00
   1.0044615e+00   2.0574323e+00
   9.2690357e-01  -2.8325709e-01
   1.5093923e+00  -2.7451263e+00
   9.8182581e-01  -1.8731173e-01
   8.8521913e-01  -3.1312928e+00
   1.8844901e+00  -6.4084724e-01
   6.2202991e-01  -1.0967278e-01
   2.3058497e+00   7.0994256e-01
   1.1153199e+00  -1.5893002e+00
   2.5596182e+00  -4.9466099e-01
   2.0771138e+00  -1.4387469e+00
   1.3367057e+00  -7.1735726e-01
   7.2365078e-01   1.6432659e+00
   6.3025733e-01  -2.0939109e+00
   9.1164943e-01   1.9935935e+00
   1.1556950e+00   4.3958948e-02
   1.3883264e+00   3.8612292e-01
   6.7268423e-01  -7.0212910e-01
   1.3903564e+00  -2.6044616e-01
   2.5693829e+00  -3.5634174e-01
   3.0216919e+00   2.9765885e+00
   1.4241190e+00   2.4420800e+00
   1.1240734e+00   2.3873244e+00
   2.6565167e+00   1.9346631e+00
   2.3791638e+00  -2.9000414e-01
   4.7170040e-01   2.3486579e+00
   7.9448818e-01   9.8642732e-01
   2.1284221e+00   2.0350412e+00
   1.2414462e+00  -3.0718276e+00
   7.1681857e-01   7.7536844e-01
   2.0048161e+00  -1.4492219e+00
   2.4998662e+00  -2.1386712e+00
   2.0463932e+00  -2.3028958e+00
   1.5599653e+00  -2.9536942e+00
   2.4456877e+00   1.6928931e+00
   1.8121411e+00  -2.8415062e+00
   3.7084334e-01  -2.7708468e+00
   1.5975406e+00   7.6664705e-01
   1.3408416e+00   2.5520248e+00
   5.4673504e-01   2.4030734e+00
   4.5936409e-01  -2.2231375e+00
   2.1473280e+00   9.8720556e-02
   1.8702254e+00   2.0284115e+00
   1.9240513e+00   5.2181936e-01
   1.3756636e+00   1.1279470e-01
   2.1672763e+00   1.4195275e+00
   2.4387116e+00  -1.1511448e+00
   1.8190842e+00  -1.8737523e+00
   1.5135204e+00  -1.7326120e+00
   1.0720449e+00   1.6351261e+00
   2.5997805e+00   2.2545953e-01
   1.8381720e+00  -1.5558301e+00
   2.6167444e+00   8.9661848e-01
   1.0821313e+00  -2.5099955e+00
   1.5673039e+00  -3.5244096e-01
   2.9196752e+00   1.2019828e+00
   1.2958887e+00  -2.3454041e+00
   2.4963680e+00  -1.9910932e+00
   2.7488392e+00   2.0713404e+00
   5.8908330e-01  -2.4899839e+00
   1.7871805e+00   1.7703771e+00
