   1.5368559e+00   3.6758274e-02
   1.5945751e+00   6.6816342e-02
   1.6747010e+00  -2.3223828e-03
   1.6816881e+00   7.0181049e-02
   1.4971198e+00   1.2296823e-01
   1.6254258e+00   1.4701464e-01
   1.7062164e+00  -8.1284436e-02
   1.5533026e+00   1.6722743e-01
   1.7688903e+00   3.4307972e-02
   1.7087249e+00   1.5363402e-01
   1.7754230e+00  -3.7898198e-02
   1.7765079e+00   1.1175526e-01
   1.4575489e+00   2.0737643e-01
   1.7470816e+00  -1.6074176e-01
   1.6644649e+00   2.3153469e-01
   1.5912442e+00   2.4996088e-01
   1.5118481e+00   2.5688542e-01
   1.8102238e+00  -1.1825649e-01
   1.7554754e+00   2.2712095e-01
   1.8644690e+00   1.8989779e-02
   1.8703052e+00  -5.5687182e-02
   1.8599843e+00   9.7783359e-02
   1.8215823e+00   1.9112206e-01
   1.3842614e+00   2.5781915e-01
   1.6964113e+00   3.0485730e-01
   1.5944451e+00   3.3000788e-01
   1.8253119e+00  -2.1967091e-01
   1.4376828e+00   3.1653123e-01
   1.5106597e+00   3.4479823e-01
   1.8845003e+00  -1.6264957e-01
   1.9038864e+00   1.6756062e-01
   1.7775703e+00   3.1278363e-01
   1.6594019e+00   3.7228332e-01
   1.9488182e+00   6.1012896e-02
   1.9412923e+00  -9.9510545e-02
   1.8553592e+00   2.6988791e-01
   1.9663391e+00  -1.2384174e-02
   1.3435869e+00   3.4100310e-01
   1.8620545e+00  -2.9811736e-01
   1.5644607e+00   4.1409780e-01
   1.4092363e+00   3.9592475e-01
   1.9280737e+00  -2.3781015e-01
   1.9802477e+00   1.3989068e-01
   1.7718925e+00   3.8844673e-01
   1.9344158e+00   2.4999933e-01
   1.4829090e+00   4.3101902e-01
   1.9890579e+00  -1.7914620e-01
   1.7075954e+00   4.3406960e-01
   1.8659769e+00   3.5084975e-01
   2.0272910e+00  -8.8568015e-02
   1.6217443e+00   4.6469075e-01
   2.0528877e+00   3.9633952e-03
   2.0487055e+00   8.8560313e-02
   1.3104866e+00   4.2238381e-01
   1.9550189e+00  -3.1652343e-01
   2.0123306e+00   2.2801346e-01
   1.2432489e+00   3.8556213e-01
   1.9548845e+00   3.3437548e-01
   1.3813895e+00   4.7205711e-01
   1.4782839e+00   5.0341599e-01
   1.5636270e+00   5.1371512e-01
   1.8040700e+00   4.6359123e-01
   1.8770009e+00   4.2522682e-01
   2.0402902e+00  -2.3392154e-01
   1.6911505e+00   5.1668541e-01
   2.0789363e+00   1.7659900e-01
   2.0909229e+00  -1.4074126e-01
   2.0295066e+00  -3.2377638e-01
   2.1235144e+00  -5.3363662e-02
   2.0393719e+00   3.1409352e-01
   1.7661759e+00   5.3343462e-01
   1.9709867e+00   4.1072756e-01
   2.1341532e+00   5.3533265e-02
   1.3901176e+00   5.4376983e-01
   1.9681742e+00  -4.2335294e-01
   1.2883701e+00   5.0580570e-01
   1.6495149e+00   5.7950069e-01
   1.4810828e+00   5.8035189e-01
   1.5739776e+00   5.8934128e-01
   2.1320158e+00  -2.1497509e-01
   2.1519476e+00   1.4948665e-01
   2.1111348e+00   2.7180086e-01
   1.9205085e+00   4.9808813e-01
   1.2182477e+00   4.9631006e-01
   1.8549421e+00   5.4242215e-01
   2.1129026e+00  -3.0898437e-01
   2.0460760e+00  -4.1647844e-01
   2.0601640e+00   4.0326118e-01
   2.1960595e+00  -8.0527152e-02
   1.3092595e+00   5.8385575e-01
   2.2061693e+00   2.7591498e-02
   1.3976310e+00   6.2308181e-01
   1.7103928e+00   6.3094645e-01
   2.0038279e+00   4.9362757e-01
   1.7822381e+00   6.1630664e-01
   2.2016941e+00  -1.7181291e-01
   2.1832031e+00   2.5602668e-01
   1.4892838e+00   6.5528454e-01
   2.1338012e+00   3.7337993e-01
   1.1235921e+00   5.1290409e-01
   2.2287443e+00   1.4630770e-01
   1.5661798e+00   6.7436938e-01
   2.1232779e+00  -4.0879691e-01
   1.6381891e+00   6.8043117e-01
   1.8653456e+00   6.2693122e-01
   1.9449471e+00   5.8885625e-01
   2.1913264e+00  -3.1474797e-01
   1.1716344e+00   5.7790720e-01
   1.2350330e+00   6.1397690e-01
   2.0880227e+00   4.9185531e-01
   1.3128538e+00   6.7018402e-01
   2.2829625e+00  -4.3007128e-02
   2.2838510e+00   6.5572695e-02
   2.2494868e+00  -2.5226466e-01
   1.3966002e+00   7.0007565e-01
   2.1020363e+00  -5.0954257e-01
   2.0253785e+00   5.8233945e-01
   2.2217699e+00   3.4291679e-01
   2.2698302e+00   2.3491725e-01
   2.2937334e+00  -1.3621770e-01
   1.7867790e+00   7.0663454e-01
   1.7069724e+00   7.2411868e-01
   2.1818568e+00   4.4381988e-01
   1.4714862e+00   7.3720972e-01
   2.2019738e+00  -4.2406875e-01
   1.8663092e+00   7.0987986e-01
   1.9555854e+00   6.7246687e-01
   1.0646344e+00   5.9527646e-01
   2.1388962e+00   5.4577855e-01
   1.5387788e+00   7.6668900e-01
   1.6109195e+00   7.6862204e-01
   2.3342943e+00   1.6294400e-01
   1.2505819e+00   7.2188975e-01
   1.1796871e+00   6.9161031e-01
   2.2764103e+00  -3.6489702e-01
   2.1819689e+00  -5.2127340e-01
   1.1116461e+00   6.5987296e-01
   2.0763230e+00   6.3334642e-01
   2.3322373e+00  -2.2801260e-01
   1.3309199e+00   7.6296616e-01
   2.2855962e+00   3.9170227e-01
   2.3309842e+00   3.0231185e-01
   2.2328847e+00   5.0807942e-01
   2.0160536e+00   7.1400139e-01
   1.9260531e+00   7.6512670e-01
   2.2796295e+00  -4.7636733e-01
   2.1793423e+00  -6.1220363e-01
   2.1683349e+00   6.3057417e-01
   1.0117915e+00   6.7738985e-01
   2.1060810e+00   7.1922623e-01
   2.2689885e+00  -5.7295301e-01
   1.0755101e+00   7.5031852e-01
   2.2469685e+00   6.0617638e-01
   2.1998702e+00   7.2234452e-01
   2.2085998e+00  -7.2973622e-01
   5.0026018e-02   7.4586542e-01
   7.0915542e-02  -3.4220113e-01
   1.0393055e-01  -1.5930632e+00
   1.3115695e-01  -1.0087775e+00
   1.4325511e-01   5.4170757e-01
   1.5676783e-01  -3.5728447e-01
   1.5781412e-01  -2.1082022e+00
   1.6813145e-01   1.0472548e-01
   2.0100453e-01  -1.4015457e+00
   2.0610098e-01  -7.3671016e-01
   2.0805828e-01  -1.7513780e+00
   2.3372992e-01  -1.0799600e+00
   2.3589282e-01   5.0467870e-01
   2.3800364e-01  -2.3027720e+00
   2.4944874e-01  -3.8857531e-01
   2.5077841e-01  -8.2486209e-02
   2.6341643e-01   2.2823768e-01
   2.6653635e-01  -2.0210038e+00
   2.9171985e-01  -6.9254108e-01
   2.9426825e-01  -1.5080890e+00
   3.0448864e-01  -1.7491236e+00
   3.0483284e-01  -1.2537375e+00
   3.1408659e-01  -9.3274818e-01
   3.1700131e-01   6.3719554e-01
   3.2897522e-01  -3.9823349e-01
   3.3082323e-01  -7.2862974e-02
   3.3463958e-01  -2.2680487e+00
   3.4251244e-01   4.0625630e-01
   3.4979670e-01   1.7628116e-01
   3.5212217e-01  -2.0337660e+00
   3.7145323e-01  -1.1216175e+00
   3.7307059e-01  -5.9835443e-01
   3.8220352e-01  -2.3954363e-01
   3.8268002e-01  -1.4184433e+00
   3.8303006e-01  -1.8211901e+00
   3.8965276e-01  -8.3164757e-01
   3.9572637e-01  -1.6004461e+00
   4.0728834e-01   6.0488030e-01
   4.1371860e-01  -2.3459803e+00
   4.1414346e-01   1.5744813e-02
   4.2600167e-01   3.9983605e-01
   4.2633893e-01  -2.1337448e+00
   4.3140750e-01  -1.2599201e+00
   4.3505224e-01  -4.9375409e-01
   4.3809630e-01  -9.9432536e-01
   4.3933698e-01   2.0785615e-01
   4.5292223e-01  -1.9520664e+00
   4.5380459e-01  -3.1632672e-01
   4.5453474e-01  -7.2429043e-01
   4.6441234e-01  -1.7489996e+00
   4.6727249e-01  -1.1329719e-01
   4.8210635e-01  -1.5632222e+00
   4.8542090e-01  -1.4016706e+00
   4.9200924e-01   5.7619485e-01
   4.9274993e-01  -2.2268824e+00
   4.9346539e-01  -1.1247082e+00
   5.0053809e-01   7.3474326e-01
   5.0372372e-01  -8.8877999e-01
   5.0596595e-01   3.9897815e-01
   5.1112652e-01   1.8999652e-01
   5.1376066e-01   1.4588372e-02
   5.1513538e-01  -4.8841021e-01
   5.1848262e-01  -6.5389450e-01
   5.2062351e-01  -1.9993657e+00
   5.2927802e-01  -2.4009238e-01
   5.3540319e-01  -1.2652224e+00
   5.3713893e-01  -1.8109948e+00
   5.5474195e-01  -2.1431049e+00
   5.5502151e-01  -1.6570505e+00
   5.5753363e-01  -1.0227862e+00
   5.6482353e-01  -3.7115893e-01
   5.6537290e-01  -8.1426201e-01
   5.6562080e-01  -1.4862852e+00
   5.7012369e-01   3.3941480e-01
   5.7226846e-01  -2.3454955e+00
   5.7327847e-01   5.3962317e-01
   5.8421546e-01  -1.4306385e-01
   5.8645700e-01   1.6260766e-01
   5.8934885e-01  -5.7236473e-03
   5.9683379e-01  -1.8979390e+00
   5.9791745e-01  -1.3478202e+00
   5.9872712e-01  -1.1500012e+00
   6.0002181e-01  -6.5200945e-01
   6.0013012e-01   6.5783471e-01
   6.0567495e-01  -5.1485691e-01
   6.1624129e-01  -2.0383454e+00
   6.2123839e-01  -2.2369981e+00
   6.2351502e-01  -9.3577514e-01
   6.2973831e-01  -1.6817693e+00
   6.3348319e-01   4.5203669e-01
   6.3588898e-01  -1.5334000e+00
   6.4360330e-01   2.9122880e-01
   6.4414307e-01  -2.3383277e-01
   6.4460584e-01  -7.7308399e-01
   6.4708324e-01  -3.5556763e-01
   6.5078409e-01  -1.8007046e+00
   6.5738229e-01  -1.2248173e+00
   6.5959255e-01   1.3326447e-01
   6.6423381e-01  -1.0467535e+00
   6.6707145e-01   7.7396108e-01
   6.7165141e-01  -1.3843459e+00
   6.7438271e-01   7.3934083e-03
   6.7439697e-01  -2.1434735e+00
   6.8323100e-01  -1.0687457e-01
   6.8415291e-01  -4.7724849e-01
   6.8558842e-01  -6.1537372e-01
   6.8628848e-01  -1.9795502e+00
   6.8919075e-01   6.5752895e-01
   6.8925351e-01   5.4462525e-01
   6.9795474e-01  -8.7793717e-01
   7.1089240e-01   4.0165158e-01
   7.1323663e-01  -1.6205569e+00
   7.1553604e-01  -1.4951757e+00
   7.1703277e-01  -1.8709305e+00
   7.1785373e-01   2.6663945e-01
   7.1871118e-01  -2.2636482e+00
   7.2218771e-01  -7.2648850e-01
   7.2397477e-01  -1.1551142e+00
   7.3110105e-01  -1.3006758e+00
   7.3337486e-01  -1.7235141e+00
   7.3343269e-01  -3.2587421e-01
   7.3452557e-01  -2.0396040e-01
   7.3818702e-01  -1.0208865e+00
   7.4262014e-01   1.4714977e-01
   7.4391726e-01  -2.0835286e+00
   7.5894271e-01  -4.3697990e-01
   7.5963897e-01  -5.7646546e-01
   7.6096216e-01   7.7965231e-01
   7.6631999e-01  -8.8803430e-01
   7.6722092e-01   4.6134145e-02
   7.6945397e-01  -5.7685975e-02
   7.7723907e-01  -1.4029022e+00
   7.7787572e-01   4.6512992e-01
   7.7837105e-01   5.7394232e-01
   7.7974106e-01  -1.9674682e+00
   7.8100826e-01  -2.1886881e+00
   7.8379130e-01   6.7868500e-01
   7.8804859e-01  -7.5193166e-01
   7.8822124e-01  -1.8036360e+00
   7.9246243e-01   3.4016636e-01
   7.9816182e-01  -1.1564031e+00
   8.0675982e-01  -1.2673365e+00
   8.1057671e-01  -1.0128063e+00
   8.2021761e-01  -6.2974945e-01
   8.2812940e-01  -4.9174895e-01
   8.3036511e-01  -2.0618604e+00
   8.3460893e-01  -2.2604666e+00
   8.3963427e-01  -8.5685965e-01
   8.4917550e-01   7.8444213e-01
   8.6704229e-01  -7.3291201e-01
   8.7150254e-01  -2.1443468e+00
   8.7163925e-01   6.6998356e-01
   8.7498561e-01  -9.5334001e-01
   9.1897169e-01  -8.3328041e-01
   9.2877116e-01  -2.3033515e+00
   3.0915666e+00  -7.4586542e-01
   3.0706771e+00   3.4220113e-01
   3.0376621e+00   1.5930632e+00
   3.0104357e+00   1.0087775e+00
   2.9983375e+00  -5.4170757e-01
   2.9848248e+00   3.5728447e-01
   2.9837785e+00   2.1082022e+00
   2.9734612e+00  -1.0472548e-01
   2.9405881e+00   1.4015457e+00
   2.9354917e+00   7.3671016e-01
   2.9335344e+00   1.7513780e+00
   2.9078627e+00   1.0799600e+00
   2.9056998e+00  -5.0467870e-01
   2.9035890e+00   2.3027720e+00
   2.8921439e+00   3.8857531e-01
   2.8908142e+00   8.2486209e-02
   2.8781762e+00  -2.2823768e-01
   2.8750563e+00   2.0210038e+00
   2.8498728e+00   6.9254108e-01
   2.8473244e+00   1.5080890e+00
   2.8371040e+00   1.7491236e+00
   2.8367598e+00   1.2537375e+00
   2.8275061e+00   9.3274818e-01
   2.8245913e+00  -6.3719554e-01
   2.8126174e+00   3.9823349e-01
   2.8107694e+00   7.2862974e-02
   2.8069531e+00   2.2680487e+00
   2.7990802e+00  -4.0625630e-01
   2.7917960e+00  -1.7628116e-01
   2.7894705e+00   2.0337660e+00
   2.7701394e+00   1.1216175e+00
   2.7685221e+00   5.9835443e-01
   2.7593891e+00   2.3954363e-01
   2.7589126e+00   1.4184433e+00
   2.7585626e+00   1.8211901e+00
   2.7519399e+00   8.3164757e-01
   2.7458663e+00   1.6004461e+00
   2.7343043e+00  -6.0488030e-01
   2.7278741e+00   2.3459803e+00
   2.7274492e+00  -1.5744813e-02
   2.7155910e+00  -3.9983605e-01
   2.7152537e+00   2.1337448e+00
   2.7101852e+00   1.2599201e+00
   2.7065404e+00   4.9375409e-01
   2.7034964e+00   9.9432536e-01
   2.7022557e+00  -2.0785615e-01
   2.6886704e+00   1.9520664e+00
   2.6877881e+00   3.1632672e-01
   2.6870579e+00   7.2429043e-01
   2.6771803e+00   1.7489996e+00
   2.6743202e+00   1.1329719e-01
   2.6594863e+00   1.5632222e+00
   2.6561718e+00   1.4016706e+00
   2.6495834e+00  -5.7619485e-01
   2.6488427e+00   2.2268824e+00
   2.6481273e+00   1.1247082e+00
   2.6410546e+00  -7.3474326e-01
   2.6378689e+00   8.8877999e-01
   2.6356267e+00  -3.9897815e-01
   2.6304661e+00  -1.8999652e-01
   2.6278320e+00  -1.4588372e-02
   2.6264573e+00   4.8841021e-01
   2.6231100e+00   6.5389450e-01
   2.6209691e+00   1.9993657e+00
   2.6123146e+00   2.4009238e-01
   2.6061895e+00   1.2652224e+00
   2.6044537e+00   1.8109948e+00
   2.5868507e+00   2.1431049e+00
   2.5865711e+00   1.6570505e+00
   2.5840590e+00   1.0227862e+00
   2.5767691e+00   3.7115893e-01
   2.5762198e+00   8.1426201e-01
   2.5759718e+00   1.4862852e+00
   2.5714690e+00  -3.3941480e-01
   2.5693242e+00   2.3454955e+00
   2.5683142e+00  -5.3962317e-01
   2.5573772e+00   1.4306385e-01
   2.5551357e+00  -1.6260766e-01
   2.5522438e+00   5.7236473e-03
   2.5447589e+00   1.8979390e+00
   2.5436752e+00   1.3478202e+00
   2.5428655e+00   1.1500012e+00
   2.5415708e+00   6.5200945e-01
   2.5414625e+00  -6.5783471e-01
   2.5359177e+00   5.1485691e-01
   2.5253514e+00   2.0383454e+00
   2.5203543e+00   2.2369981e+00
   2.5180776e+00   9.3577514e-01
   2.5118543e+00   1.6817693e+00
   2.5081095e+00  -4.5203669e-01
   2.5057037e+00   1.5334000e+00
   2.4979894e+00  -2.9122880e-01
   2.4974496e+00   2.3383277e-01
   2.4969868e+00   7.7308399e-01
   2.4945094e+00   3.5556763e-01
   2.4908086e+00   1.8007046e+00
   2.4842104e+00   1.2248173e+00
   2.4820001e+00  -1.3326447e-01
   2.4773588e+00   1.0467535e+00
   2.4745212e+00  -7.7396108e-01
   2.4699412e+00   1.3843459e+00
   2.4672099e+00  -7.3934083e-03
   2.4671957e+00   2.1434735e+00
   2.4583616e+00   1.0687457e-01
   2.4574397e+00   4.7724849e-01
   2.4560042e+00   6.1537372e-01
   2.4553042e+00   1.9795502e+00
   2.4524019e+00  -6.5752895e-01
   2.4523391e+00  -5.4462525e-01
   2.4436379e+00   8.7793717e-01
   2.4307003e+00  -4.0165158e-01
   2.4283560e+00   1.6205569e+00
   2.4260566e+00   1.4951757e+00
   2.4245599e+00   1.8709305e+00
   2.4237389e+00  -2.6663945e-01
   2.4228815e+00   2.2636482e+00
   2.4194049e+00   7.2648850e-01
   2.4176179e+00   1.1551142e+00
   2.4104916e+00   1.3006758e+00
   2.4082178e+00   1.7235141e+00
   2.4081600e+00   3.2587421e-01
   2.4070671e+00   2.0396040e-01
   2.4034056e+00   1.0208865e+00
   2.3989725e+00  -1.4714977e-01
   2.3976754e+00   2.0835286e+00
   2.3826499e+00   4.3697990e-01
   2.3819537e+00   5.7646546e-01
   2.3806305e+00  -7.7965231e-01
   2.3752727e+00   8.8803430e-01
   2.3743717e+00  -4.6134145e-02
   2.3721387e+00   5.7685975e-02
   2.3643536e+00   1.4029022e+00
   2.3637169e+00  -4.6512992e-01
   2.3632216e+00  -5.7394232e-01
   2.3618516e+00   1.9674682e+00
   2.3605844e+00   2.1886881e+00
   2.3578013e+00  -6.7868500e-01
   2.3535441e+00   7.5193166e-01
   2.3533714e+00   1.8036360e+00
   2.3491302e+00  -3.4016636e-01
   2.3434308e+00   1.1564031e+00
   2.3348328e+00   1.2673365e+00
   2.3310159e+00   1.0128063e+00
   2.3213750e+00   6.2974945e-01
   2.3134633e+00   4.9174895e-01
   2.3112275e+00   2.0618604e+00
   2.3069837e+00   2.2604666e+00
   2.3019584e+00   8.5685965e-01
   2.2924172e+00  -7.8444213e-01
   2.2745504e+00   7.3291201e-01
   2.2700901e+00   2.1443468e+00
   2.2699534e+00  -6.6998356e-01
   2.2666070e+00   9.5334001e-01
   2.2226210e+00   8.3328041e-01
   2.2128215e+00   2.3033515e+00
   5.0026018e-02  -2.3957272e+00
   7.0915542e-02   2.7993915e+00
   1.0393055e-01   1.5485294e+00
   1.3115695e-01   2.1328151e+00
   1.4325511e-01  -2.5998851e+00
   1.5676783e-01   2.7843082e+00
   1.5781412e-01   1.0333905e+00
   1.6813145e-01  -3.0368672e+00
   2.0100453e-01   1.7400470e+00
   2.0610098e-01   2.4048825e+00
   2.0805828e-01   1.3902146e+00
   2.3372992e-01   2.0616327e+00
   2.3589282e-01  -2.6369140e+00
   2.3800364e-01   8.3882067e-01
   2.4944874e-01   2.7530173e+00
   2.5077841e-01   3.0591064e+00
   2.6341643e-01  -2.9133550e+00
   2.6653635e-01   1.1205888e+00
   2.9171985e-01   2.4490516e+00
   2.9426825e-01   1.6335036e+00
   3.0448864e-01   1.3924690e+00
   3.0483284e-01   1.8878552e+00
   3.1408659e-01   2.2088445e+00
   3.1700131e-01  -2.5043971e+00
   3.2897522e-01   2.7433592e+00
   3.3082323e-01   3.0687297e+00
   3.3463958e-01   8.7354398e-01
   3.4251244e-01  -2.7353363e+00
   3.4979670e-01  -2.9653115e+00
   3.5212217e-01   1.1078267e+00
   3.7145323e-01   2.0199751e+00
   3.7307059e-01   2.5432382e+00
   3.8220352e-01   2.9020490e+00
   3.8268002e-01   1.7231493e+00
   3.8303006e-01   1.3204025e+00
   3.8965276e-01   2.3099451e+00
   3.9572637e-01   1.5411466e+00
   4.0728834e-01  -2.5367124e+00
   4.1371860e-01   7.9561232e-01
   4.1414346e-01  -3.1258478e+00
   4.2600167e-01  -2.7417566e+00
   4.2633893e-01   1.0078478e+00
   4.3140750e-01   1.8816726e+00
   4.3505224e-01   2.6478386e+00
   4.3809630e-01   2.1472673e+00
   4.3933698e-01  -2.9337365e+00
   4.5292223e-01   1.1895263e+00
   4.5380459e-01   2.8252659e+00
   4.5453474e-01   2.4173022e+00
   4.6441234e-01   1.3925930e+00
   4.6727249e-01   3.0282955e+00
   4.8210635e-01   1.5783704e+00
   4.8542090e-01   1.7399220e+00
   4.9200924e-01  -2.5653978e+00
   4.9274993e-01   9.1471029e-01
   4.9346539e-01   2.0168844e+00
   5.0053809e-01  -2.4068494e+00
   5.0372372e-01   2.2528127e+00
   5.0596595e-01  -2.7426145e+00
   5.1112652e-01  -2.9515961e+00
   5.1376066e-01  -3.1270043e+00
   5.1513538e-01   2.6531824e+00
   5.1848262e-01   2.4876982e+00
   5.2062351e-01   1.1422269e+00
   5.2927802e-01   2.9015003e+00
   5.3540319e-01   1.8763702e+00
   5.3713893e-01   1.3305978e+00
   5.5474195e-01   9.9848772e-01
   5.5502151e-01   1.4845422e+00
   5.5753363e-01   2.1188064e+00
   5.6482353e-01   2.7704337e+00
   5.6537290e-01   2.3273306e+00
   5.6562080e-01   1.6553075e+00
   5.7012369e-01  -2.8021778e+00
   5.7226846e-01   7.9609716e-01
   5.7327847e-01  -2.6019695e+00
   5.8421546e-01   2.9985288e+00
   5.8645700e-01  -2.9789850e+00
   5.8934885e-01   3.1358690e+00
   5.9683379e-01   1.2436537e+00
   5.9791745e-01   1.7937725e+00
   5.9872712e-01   1.9915915e+00
   6.0002181e-01   2.4895832e+00
   6.0013012e-01  -2.4837579e+00
   6.0567495e-01   2.6267357e+00
   6.1624129e-01   1.1032472e+00
   6.2123839e-01   9.0459455e-01
   6.2351502e-01   2.2058175e+00
   6.2973831e-01   1.4598234e+00
   6.3348319e-01  -2.6895560e+00
   6.3588898e-01   1.6081926e+00
   6.4360330e-01  -2.8503639e+00
   6.4414307e-01   2.9077599e+00
   6.4460584e-01   2.3685087e+00
   6.4708324e-01   2.7860250e+00
   6.5078409e-01   1.3408881e+00
   6.5738229e-01   1.9167754e+00
   6.5959255e-01  -3.0083282e+00
   6.6423381e-01   2.0948391e+00
   6.6707145e-01  -2.3676316e+00
   6.7165141e-01   1.7572467e+00
   6.7438271e-01  -3.1341992e+00
   6.7439697e-01   9.9811919e-01
   6.8323100e-01   3.0347181e+00
   6.8415291e-01   2.6643442e+00
   6.8558842e-01   2.5262189e+00
   6.8628848e-01   1.1620424e+00
   6.8919075e-01  -2.4840637e+00
   6.8925351e-01  -2.5969674e+00
   6.9795474e-01   2.2636555e+00
   7.1089240e-01  -2.7399411e+00
   7.1323663e-01   1.5210358e+00
   7.1553604e-01   1.6464169e+00
   7.1703277e-01   1.2706622e+00
   7.1785373e-01  -2.8749532e+00
   7.1871118e-01   8.7794449e-01
   7.2218771e-01   2.4151042e+00
   7.2397477e-01   1.9864784e+00
   7.3110105e-01   1.8409168e+00
   7.3337486e-01   1.4180786e+00
   7.3343269e-01   2.8157184e+00
   7.3452557e-01   2.9376323e+00
   7.3818702e-01   2.1207061e+00
   7.4262014e-01  -2.9944429e+00
   7.4391726e-01   1.0580641e+00
   7.5894271e-01   2.7046128e+00
   7.5963897e-01   2.5651272e+00
   7.6096216e-01  -2.3619403e+00
   7.6631999e-01   2.2535583e+00
   7.6722092e-01  -3.0954585e+00
   7.6945397e-01   3.0839067e+00
   7.7723907e-01   1.7386904e+00
   7.7787572e-01  -2.6764627e+00
   7.7837105e-01  -2.5676503e+00
   7.7974106e-01   1.1741245e+00
   7.8100826e-01   9.5290455e-01
   7.8379130e-01  -2.4629077e+00
   7.8804859e-01   2.3896610e+00
   7.8822124e-01   1.3379567e+00
   7.9246243e-01  -2.8014263e+00
   7.9816182e-01   1.9851895e+00
   8.0675982e-01   1.8742561e+00
   8.1057671e-01   2.1287863e+00
   8.2021761e-01   2.5118432e+00
   8.2812940e-01   2.6498437e+00
   8.3036511e-01   1.0797323e+00
   8.3460893e-01   8.8112610e-01
   8.3963427e-01   2.2847330e+00
   8.4917550e-01  -2.3571505e+00
   8.6704229e-01   2.4086806e+00
   8.7150254e-01   9.9724582e-01
   8.7163925e-01  -2.4716091e+00
   8.7498561e-01   2.1882526e+00
   9.1897169e-01   2.3083122e+00
   9.2877116e-01   8.3824115e-01
   3.0915666e+00   2.3957272e+00
   3.0706771e+00  -2.7993915e+00
   3.0376621e+00  -1.5485294e+00
   3.0104357e+00  -2.1328151e+00
   2.9983375e+00   2.5998851e+00
   2.9848248e+00  -2.7843082e+00
   2.9837785e+00  -1.0333905e+00
   2.9734612e+00   3.0368672e+00
   2.9405881e+00  -1.7400470e+00
   2.9354917e+00  -2.4048825e+00
   2.9335344e+00  -1.3902146e+00
   2.9078627e+00  -2.0616327e+00
   2.9056998e+00   2.6369140e+00
   2.9035890e+00  -8.3882067e-01
   2.8921439e+00  -2.7530173e+00
   2.8908142e+00  -3.0591064e+00
   2.8781762e+00   2.9133550e+00
   2.8750563e+00  -1.1205888e+00
   2.8498728e+00  -2.4490516e+00
   2.8473244e+00  -1.6335036e+00
   2.8371040e+00  -1.3924690e+00
   2.8367598e+00  -1.8878552e+00
   2.8275061e+00  -2.2088445e+00
   2.8245913e+00   2.5043971e+00
   2.8126174e+00  -2.7433592e+00
   2.8107694e+00  -3.0687297e+00
   2.8069531e+00  -8.7354398e-01
   2.7990802e+00   2.7353363e+00
   2.7917960e+00   2.9653115e+00
   2.7894705e+00  -1.1078267e+00
   2.7701394e+00  -2.0199751e+00
   2.7685221e+00  -2.5432382e+00
   2.7593891e+00  -2.9020490e+00
   2.7589126e+00  -1.7231493e+00
   2.7585626e+00  -1.3204025e+00
   2.7519399e+00  -2.3099451e+00
   2.7458663e+00  -1.5411466e+00
   2.7343043e+00   2.5367124e+00
   2.7278741e+00  -7.9561232e-01
   2.7274492e+00   3.1258478e+00
   2.7155910e+00   2.7417566e+00
   2.7152537e+00  -1.0078478e+00
   2.7101852e+00  -1.8816726e+00
   2.7065404e+00  -2.6478386e+00
   2.7034964e+00  -2.1472673e+00
   2.7022557e+00   2.9337365e+00
   2.6886704e+00  -1.1895263e+00
   2.6877881e+00  -2.8252659e+00
   2.6870579e+00  -2.4173022e+00
   2.6771803e+00  -1.3925930e+00
   2.6743202e+00  -3.0282955e+00
   2.6594863e+00  -1.5783704e+00
   2.6561718e+00  -1.7399220e+00
   2.6495834e+00   2.5653978e+00
   2.6488427e+00  -9.1471029e-01
   2.6481273e+00  -2.0168844e+00
   2.6410546e+00   2.4068494e+00
   2.6378689e+00  -2.2528127e+00
   2.6356267e+00   2.7426145e+00
   2.6304661e+00   2.9515961e+00
   2.6278320e+00   3.1270043e+00
   2.6264573e+00  -2.6531824e+00
   2.6231100e+00  -2.4876982e+00
   2.6209691e+00  -1.1422269e+00
   2.6123146e+00  -2.9015003e+00
   2.6061895e+00  -1.8763702e+00
   2.6044537e+00  -1.3305978e+00
   2.5868507e+00  -9.9848772e-01
   2.5865711e+00  -1.4845422e+00
   2.5840590e+00  -2.1188064e+00
   2.5767691e+00  -2.7704337e+00
   2.5762198e+00  -2.3273306e+00
   2.5759718e+00  -1.6553075e+00
   2.5714690e+00   2.8021778e+00
   2.5693242e+00  -7.9609716e-01
   2.5683142e+00   2.6019695e+00
   2.5573772e+00  -2.9985288e+00
   2.5551357e+00   2.9789850e+00
   2.5522438e+00  -3.1358690e+00
   2.5447589e+00  -1.2436537e+00
   2.5436752e+00  -1.7937725e+00
   2.5428655e+00  -1.9915915e+00
   2.5415708e+00  -2.4895832e+00
   2.5414625e+00   2.4837579e+00
   2.5359177e+00  -2.6267357e+00
   2.5253514e+00  -1.1032472e+00
   2.5203543e+00  -9.0459455e-01
   2.5180776e+00  -2.2058175e+00
   2.5118543e+00  -1.4598234e+00
   2.5081095e+00   2.6895560e+00
   2.5057037e+00  -1.6081926e+00
   2.4979894e+00   2.8503639e+00
   2.4974496e+00  -2.9077599e+00
   2.4969868e+00  -2.3685087e+00
   2.4945094e+00  -2.7860250e+00
   2.4908086e+00  -1.3408881e+00
   2.4842104e+00  -1.9167754e+00
   2.4820001e+00   3.0083282e+00
   2.4773588e+00  -2.0948391e+00
   2.4745212e+00   2.3676316e+00
   2.4699412e+00  -1.7572467e+00
   2.4672099e+00   3.1341992e+00
   2.4671957e+00  -9.9811919e-01
   2.4583616e+00  -3.0347181e+00
   2.4574397e+00  -2.6643442e+00
   2.4560042e+00  -2.5262189e+00
   2.4553042e+00  -1.1620424e+00
   2.4524019e+00   2.4840637e+00
   2.4523391e+00   2.5969674e+00
   2.4436379e+00  -2.2636555e+00
   2.4307003e+00   2.7399411e+00
   2.4283560e+00  -1.5210358e+00
   2.4260566e+00  -1.6464169e+00
   2.4245599e+00  -1.2706622e+00
   2.4237389e+00   2.8749532e+00
   2.4228815e+00  -8.7794449e-01
   2.4194049e+00  -2.4151042e+00
   2.4176179e+00  -1.9864784e+00
   2.4104916e+00  -1.8409168e+00
   2.4082178e+00  -1.4180786e+00
   2.4081600e+00  -2.8157184e+00
   2.4070671e+00  -2.9376323e+00
   2.4034056e+00  -2.1207061e+00
   2.3989725e+00   2.9944429e+00
   2.3976754e+00  -1.0580641e+00
   2.3826499e+00  -2.7046128e+00
   2.3819537e+00  -2.5651272e+00
   2.3806305e+00   2.3619403e+00
   2.3752727e+00  -2.2535583e+00
   2.3743717e+00   3.0954585e+00
   2.3721387e+00  -3.0839067e+00
   2.3643536e+00  -1.7386904e+00
   2.3637169e+00   2.6764627e+00
   2.3632216e+00   2.5676503e+00
   2.3618516e+00  -1.1741245e+00
   2.3605844e+00  -9.5290455e-01
   2.3578013e+00   2.4629077e+00
   2.3535441e+00  -2.3896610e+00
   2.3533714e+00  -1.3379567e+00
   2.3491302e+00   2.8014263e+00
   2.3434308e+00  -1.9851895e+00
   2.3348328e+00  -1.8742561e+00
   2.3310159e+00  -2.1287863e+00
   2.3213750e+00  -2.5118432e+00
   2.3134633e+00  -2.6498437e+00
   2.3112275e+00  -1.0797323e+00
   2.3069837e+00  -8.8112610e-01
   2.3019584e+00  -2.2847330e+00
   2.2924172e+00   2.3571505e+00
   2.2745504e+00  -2.4086806e+00
   2.2700901e+00  -9.9724582e-01
   2.2699534e+00   2.4716091e+00
   2.2666070e+00  -2.1882526e+00
   2.2226210e+00  -2.3083122e+00
   2.2128215e+00  -8.3824115e-01
   1.5340592e+00   1.5368330e+00
   1.5039989e+00   1.5946283e+00
   1.5731062e+00   1.6747013e+00
   1.5010470e+00   1.6819595e+00
   1.4481634e+00   1.4965612e+00
   1.4240026e+00   1.6260204e+00
   1.6513350e+00   1.7066595e+00
   1.4035947e+00   1.5530552e+00
   1.5371596e+00   1.7690039e+00
   1.4186328e+00   1.7103478e+00
   1.6079035e+00   1.7755660e+00
   1.4614069e+00   1.7777628e+00
   1.3647675e+00   1.4550913e+00
   1.7290257e+00   1.7493355e+00
   1.3402950e+00   1.6670173e+00
   1.3208888e+00   1.5918998e+00
   1.3143672e+00   1.5098531e+00
   1.6856643e+00   1.8118435e+00
   1.3476036e+00   1.7602290e+00
   1.5526196e+00   1.8645189e+00
   1.6240020e+00   1.8707428e+00
   1.4770855e+00   1.8612958e+00
   1.3857234e+00   1.8260357e+00
   1.3175487e+00   1.3780396e+00
   1.2684174e+00   1.7024151e+00
   1.2408842e+00   1.5957934e+00
   1.7832803e+00   1.8313021e+00
   1.2571614e+00   1.4308125e+00
   1.2266472e+00   1.5069089e+00
   1.7254426e+00   1.8884211e+00
   1.4125254e+00   1.9082687e+00
   1.2648940e+00   1.7877941e+00
   1.2000444e+00   1.6658799e+00
   1.5140959e+00   1.9494575e+00
   1.6635347e+00   1.9429692e+00
   1.3120167e+00   1.8654491e+00
   1.5822242e+00   1.9663664e+00
   1.2388991e+00   1.3302198e+00
   1.8559976e+00   1.8746983e+00
   1.1567073e+00   1.5638758e+00
   1.1803088e+00   1.3959542e+00
   1.7933274e+00   1.9375280e+00
   1.4425359e+00   1.9838448e+00
   1.1905827e+00   1.7875959e+00
   1.3374576e+00   1.9450374e+00
   1.1415514e+00   1.4741143e+00
   1.7343535e+00   1.9950783e+00
   1.1410531e+00   1.7213778e+00
   1.2357309e+00   1.8839319e+00
   1.6502750e+00   2.0288468e+00
   1.1067559e+00   1.6277753e+00
   1.5672847e+00   2.0528909e+00
   1.4921802e+00   2.0503109e+00
   1.1635032e+00   1.2866791e+00
   1.8635296e+00   1.9730500e+00
   1.3649817e+00   2.0225460e+00
   1.2067209e+00   1.2193152e+00
   1.2616261e+00   1.9750849e+00
   1.1078489e+00   1.3587859e+00
   1.0697339e+00   1.4652723e+00
   1.0570957e+00   1.5625645e+00
   1.1207006e+00   1.8304366e+00
   1.1665363e+00   1.9048448e+00
   1.7790108e+00   2.0515218e+00
   1.0582162e+00   1.7090056e+00
   1.4167020e+00   2.0856270e+00
   1.6928253e+00   2.0952191e+00
   1.8600741e+00   2.0510313e+00
   1.6162082e+00   2.1241512e+00
   1.2915273e+00   2.0598808e+00
   1.0485605e+00   1.7967094e+00
   1.1942313e+00   2.0030828e+00
   1.5255419e+00   2.1348006e+00
   1.0368387e+00   1.3604934e+00
   1.9593045e+00   2.0022213e+00
   1.0868036e+00   1.2504990e+00
   9.9332095e-01   1.6647914e+00
   9.9307899e-01   1.4636414e+00
   9.8145843e-01   1.5746232e+00
   1.7523935e+00   2.1425610e+00
   1.4459918e+00   2.1571051e+00
   1.3384932e+00   2.1277772e+00
   1.1053413e+00   1.9642887e+00
   1.1075030e+00   1.1745280e+00
   1.0523714e+00   1.8994259e+00
   1.8343279e+00   2.1345831e+00
   1.9387479e+00   2.0833592e+00
   1.2171063e+00   2.0956478e+00
   1.6360643e+00   2.1976006e+00
   1.0092458e+00   1.2603566e+00
   1.5485903e+00   2.2063512e+00
   9.5842027e-01   1.3586446e+00
   9.4693836e-01   1.7430844e+00
   1.1262055e+00   2.0542166e+00
   9.7017853e-01   1.8280150e+00
   1.7092957e+00   2.2087750e+00
   1.3620671e+00   2.1988762e+00
   9.1806121e-01   1.4681240e+00
   1.2572174e+00   2.1664994e+00
   1.1124640e+00   1.0676149e+00
   1.4551858e+00   2.2339484e+00
   8.9643546e-01   1.5648861e+00
   1.9159770e+00   2.1624054e+00
   8.9220110e-01   1.6574115e+00
   9.7472387e-01   1.9292282e+00
   1.0274701e+00   2.0119337e+00
   1.8254007e+00   2.2153424e+00
   1.0433503e+00   1.1042857e+00
   9.9565742e-01   1.1672711e+00
   1.1478079e+00   2.1439243e+00
   9.2656842e-01   1.2460814e+00
   1.6033462e+00   2.2834202e+00
   1.5212145e+00   2.2849156e+00
   1.7663255e+00   2.2652541e+00
   8.8340227e-01   1.3446321e+00
   2.0048502e+00   2.1632311e+00
   1.0539672e+00   2.1002381e+00
   1.3000264e+00   2.2509006e+00
   1.3916685e+00   2.2835794e+00
   1.6728025e+00   2.2983530e+00
   8.8383238e-01   1.8516524e+00
   8.5483560e-01   1.7517185e+00
   1.2114210e+00   2.2305090e+00
   8.3805140e-01   1.4370175e+00
   1.9094263e+00   2.2467282e+00
   8.9759573e-01   1.9524962e+00
   9.5529433e-01   2.0484896e+00
   1.0582158e+00   9.8084397e-01
   1.1179258e+00   2.2122340e+00
   8.0460090e-01   1.5263547e+00
   8.0295226e-01   1.6265826e+00
   1.4533323e+00   2.3409569e+00
   8.9282515e-01   1.1547481e+00
   9.4021102e-01   1.0792552e+00
   1.8458945e+00   2.3101881e+00
   1.9908807e+00   2.2503820e+00
   9.8899953e-01   1.0116538e+00
   1.0264989e+00   2.1725275e+00
   1.7351541e+00   2.3453406e+00
   8.3486026e-01   1.2445004e+00
   1.2783284e+00   2.3247618e+00
   1.3533207e+00   2.3541784e+00
   1.1769884e+00   2.2992591e+00
   9.3848126e-01   2.1340225e+00
   8.6402913e-01   2.0458572e+00
   1.9263382e+00   2.3383489e+00
   2.0617954e+00   2.2760919e+00
   1.0616375e+00   2.2709573e+00
   1.0105938e+00   8.9434010e-01
   9.6835986e-01   2.2383521e+00
   1.9990291e+00   2.3555389e+00
   9.2737882e-01   9.3469093e-01
   1.1103210e+00   2.3441997e+00
   1.0067806e+00   2.3409310e+00
   2.1360249e+00   2.3533589e+00
   1.6075334e+00   1.6047597e+00
   1.6375938e+00   1.5469643e+00
   1.5684865e+00   1.4668914e+00
   1.6405456e+00   1.4596332e+00
   1.6934293e+00   1.6450314e+00
   1.7175901e+00   1.5155723e+00
   1.4902577e+00   1.4349331e+00
   1.7379979e+00   1.5885374e+00
   1.6044331e+00   1.3725887e+00
   1.7229599e+00   1.4312449e+00
   1.5336892e+00   1.3660267e+00
   1.6801858e+00   1.3638299e+00
   1.7768252e+00   1.6865014e+00
   1.4125669e+00   1.3922572e+00
   1.8012976e+00   1.4745754e+00
   1.8207038e+00   1.5496928e+00
   1.8272255e+00   1.6317396e+00
   1.4559284e+00   1.3297491e+00
   1.7939891e+00   1.3813637e+00
   1.5889730e+00   1.2770737e+00
   1.5175907e+00   1.2708498e+00
   1.6645071e+00   1.2802969e+00
   1.7558693e+00   1.3155570e+00
   1.8240440e+00   1.7635530e+00
   1.8731753e+00   1.4391776e+00
   1.9007084e+00   1.5457993e+00
   1.3583124e+00   1.3102906e+00
   1.8844313e+00   1.7107801e+00
   1.9149454e+00   1.6346838e+00
   1.4161501e+00   1.2531715e+00
   1.7290672e+00   1.2333239e+00
   1.8766986e+00   1.3537986e+00
   1.9415482e+00   1.4757128e+00
   1.6274967e+00   1.1921352e+00
   1.4780579e+00   1.1986235e+00
   1.8295759e+00   1.2761435e+00
   1.5593684e+00   1.1752263e+00
   1.9026935e+00   1.8113728e+00
   1.2855951e+00   1.2668944e+00
   1.9848853e+00   1.5777168e+00
   1.9612839e+00   1.7456385e+00
   1.3482653e+00   1.2040646e+00
   1.6990568e+00   1.1577479e+00
   1.9510099e+00   1.3539968e+00
   1.8041350e+00   1.1965553e+00
   2.0000412e+00   1.6674784e+00
   1.4072392e+00   1.1465144e+00
   2.0005395e+00   1.4202149e+00
   1.9058617e+00   1.2576607e+00
   1.4913176e+00   1.1127459e+00
   2.0348367e+00   1.5138174e+00
   1.5743080e+00   1.0887018e+00
   1.6494124e+00   1.0912817e+00
   1.9780894e+00   1.8549136e+00
   1.2780630e+00   1.1685426e+00
   1.7766110e+00   1.1190466e+00
   1.9348718e+00   1.9222775e+00
   1.8799666e+00   1.1665078e+00
   2.0337438e+00   1.7828068e+00
   2.0718587e+00   1.6763203e+00
   2.0844969e+00   1.5790282e+00
   2.0208920e+00   1.3111560e+00
   1.9750563e+00   1.2367479e+00
   1.3625818e+00   1.0900708e+00
   2.0833765e+00   1.4325871e+00
   1.7248906e+00   1.0559657e+00
   1.4487674e+00   1.0463735e+00
   1.2815185e+00   1.0905614e+00
   1.5253844e+00   1.0174415e+00
   1.8500653e+00   1.0817119e+00
   2.0930321e+00   1.3448833e+00
   1.9473614e+00   1.1385099e+00
   1.6160508e+00   1.0067920e+00
   2.1047540e+00   1.7810993e+00
   1.1822882e+00   1.1393714e+00
   2.0547891e+00   1.8910936e+00
   2.1482717e+00   1.4768012e+00
   2.1485137e+00   1.6779513e+00
   2.1601342e+00   1.5669695e+00
   1.3891991e+00   9.9903163e-01
   1.6956008e+00   9.8448759e-01
   1.8030995e+00   1.0138155e+00
   2.0362514e+00   1.1773039e+00
   2.0340897e+00   1.9670646e+00
   2.0892212e+00   1.2421668e+00
   1.3072647e+00   1.0070096e+00
   1.2028447e+00   1.0582335e+00
   1.9244864e+00   1.0459448e+00
   1.5055284e+00   9.4399201e-01
   2.1323469e+00   1.8812361e+00
   1.5930024e+00   9.3524149e-01
   2.1831724e+00   1.7829481e+00
   2.1946543e+00   1.3985082e+00
   2.0153872e+00   1.0873760e+00
   2.1714141e+00   1.3135776e+00
   1.4322969e+00   9.3281762e-01
   1.7795256e+00   9.4271641e-01
   2.2235314e+00   1.6734687e+00
   1.8843753e+00   9.7509324e-01
   2.0291286e+00   2.0739777e+00
   1.6864069e+00   9.0764427e-01
   2.2451572e+00   1.5767066e+00
   1.2256157e+00   9.7918721e-01
   2.2493916e+00   1.4841811e+00
   2.1668688e+00   1.2123644e+00
   2.1141225e+00   1.1296589e+00
   1.3161920e+00   9.2625024e-01
   2.0982424e+00   2.0373069e+00
   2.1459352e+00   1.9743216e+00
   1.9937848e+00   9.9766836e-01
   2.2150242e+00   1.8955113e+00
   1.5382465e+00   8.5817248e-01
   1.6203781e+00   8.5667704e-01
   1.3752672e+00   8.7633858e-01
   2.2581904e+00   1.7969606e+00
   1.1367424e+00   9.7836153e-01
   2.0876255e+00   1.0413546e+00
   1.8415662e+00   8.9069209e-01
   1.7499241e+00   8.5801321e-01
   1.4687901e+00   8.4323963e-01
   2.2577603e+00   1.2899402e+00
   2.2867571e+00   1.3898742e+00
   1.9301717e+00   9.1108370e-01
   2.3035412e+00   1.7045752e+00
   1.2321663e+00   8.9486443e-01
   2.2439969e+00   1.1890965e+00
   2.1862983e+00   1.0931030e+00
   2.0833768e+00   2.1607487e+00
   2.0236669e+00   9.2935869e-01
   2.3369918e+00   1.6152380e+00
   2.3386404e+00   1.5150101e+00
   1.6882603e+00   8.0063572e-01
   2.2487675e+00   1.9868445e+00
   2.2013816e+00   2.0623374e+00
   1.2956982e+00   8.3140453e-01
   1.1507120e+00   8.9121062e-01
   2.1525931e+00   2.1299389e+00
   2.1150937e+00   9.6906517e-01
   1.4064385e+00   7.9625206e-01
   2.3067324e+00   1.8970922e+00
   1.8632643e+00   8.1683088e-01
   1.7882720e+00   7.8741423e-01
   1.9646042e+00   8.4233356e-01
   2.2031114e+00   1.0075701e+00
   2.2775635e+00   1.0957354e+00
   1.2152545e+00   8.0324377e-01
   1.0797972e+00   8.6550078e-01
   2.0799552e+00   8.7063540e-01
   2.1309989e+00   2.2472526e+00
   2.1732328e+00   9.0324056e-01
   1.1425636e+00   7.8605380e-01
   2.2142138e+00   2.2069017e+00
   2.0312717e+00   7.9739291e-01
   2.1348120e+00   8.0066162e-01
   1.0055677e+00   7.8823378e-01
   1.6075334e+00  -1.5368330e+00
   1.6375938e+00  -1.5946283e+00
   1.5684865e+00  -1.6747013e+00
   1.6405456e+00  -1.6819595e+00
   1.6934293e+00  -1.4965612e+00
   1.7175901e+00  -1.6260204e+00
   1.4902577e+00  -1.7066595e+00
   1.7379979e+00  -1.5530552e+00
   1.6044331e+00  -1.7690039e+00
   1.7229599e+00  -1.7103478e+00
   1.5336892e+00  -1.7755660e+00
   1.6801858e+00  -1.7777628e+00
   1.7768252e+00  -1.4550913e+00
   1.4125669e+00  -1.7493355e+00
   1.8012976e+00  -1.6670173e+00
   1.8207038e+00  -1.5918998e+00
   1.8272255e+00  -1.5098531e+00
   1.4559284e+00  -1.8118435e+00
   1.7939891e+00  -1.7602290e+00
   1.5889730e+00  -1.8645189e+00
   1.5175907e+00  -1.8707428e+00
   1.6645071e+00  -1.8612958e+00
   1.7558693e+00  -1.8260357e+00
   1.8240440e+00  -1.3780396e+00
   1.8731753e+00  -1.7024151e+00
   1.9007084e+00  -1.5957934e+00
   1.3583124e+00  -1.8313021e+00
   1.8844313e+00  -1.4308125e+00
   1.9149454e+00  -1.5069089e+00
   1.4161501e+00  -1.8884211e+00
   1.7290672e+00  -1.9082687e+00
   1.8766986e+00  -1.7877941e+00
   1.9415482e+00  -1.6658799e+00
   1.6274967e+00  -1.9494575e+00
   1.4780579e+00  -1.9429692e+00
   1.8295759e+00  -1.8654491e+00
   1.5593684e+00  -1.9663664e+00
   1.9026935e+00  -1.3302198e+00
   1.2855951e+00  -1.8746983e+00
   1.9848853e+00  -1.5638758e+00
   1.9612839e+00  -1.3959542e+00
   1.3482653e+00  -1.9375280e+00
   1.6990568e+00  -1.9838448e+00
   1.9510099e+00  -1.7875959e+00
   1.8041350e+00  -1.9450374e+00
   2.0000412e+00  -1.4741143e+00
   1.4072392e+00  -1.9950783e+00
   2.0005395e+00  -1.7213778e+00
   1.9058617e+00  -1.8839319e+00
   1.4913176e+00  -2.0288468e+00
   2.0348367e+00  -1.6277753e+00
   1.5743080e+00  -2.0528909e+00
   1.6494124e+00  -2.0503109e+00
   1.9780894e+00  -1.2866791e+00
   1.2780630e+00  -1.9730500e+00
   1.7766110e+00  -2.0225460e+00
   1.9348718e+00  -1.2193152e+00
   1.8799666e+00  -1.9750849e+00
   2.0337438e+00  -1.3587859e+00
   2.0718587e+00  -1.4652723e+00
   2.0844969e+00  -1.5625645e+00
   2.0208920e+00  -1.8304366e+00
   1.9750563e+00  -1.9048448e+00
   1.3625818e+00  -2.0515218e+00
   2.0833765e+00  -1.7090056e+00
   1.7248906e+00  -2.0856270e+00
   1.4487674e+00  -2.0952191e+00
   1.2815185e+00  -2.0510313e+00
   1.5253844e+00  -2.1241512e+00
   1.8500653e+00  -2.0598808e+00
   2.0930321e+00  -1.7967094e+00
   1.9473614e+00  -2.0030828e+00
   1.6160508e+00  -2.1348006e+00
   2.1047540e+00  -1.3604934e+00
   1.1822882e+00  -2.0022213e+00
   2.0547891e+00  -1.2504990e+00
   2.1482717e+00  -1.6647914e+00
   2.1485137e+00  -1.4636414e+00
   2.1601342e+00  -1.5746232e+00
   1.3891991e+00  -2.1425610e+00
   1.6956008e+00  -2.1571051e+00
   1.8030995e+00  -2.1277772e+00
   2.0362514e+00  -1.9642887e+00
   2.0340897e+00  -1.1745280e+00
   2.0892212e+00  -1.8994259e+00
   1.3072647e+00  -2.1345831e+00
   1.2028447e+00  -2.0833592e+00
   1.9244864e+00  -2.0956478e+00
   1.5055284e+00  -2.1976006e+00
   2.1323469e+00  -1.2603566e+00
   1.5930024e+00  -2.2063512e+00
   2.1831724e+00  -1.3586446e+00
   2.1946543e+00  -1.7430844e+00
   2.0153872e+00  -2.0542166e+00
   2.1714141e+00  -1.8280150e+00
   1.4322969e+00  -2.2087750e+00
   1.7795256e+00  -2.1988762e+00
   2.2235314e+00  -1.4681240e+00
   1.8843753e+00  -2.1664994e+00
   2.0291286e+00  -1.0676149e+00
   1.6864069e+00  -2.2339484e+00
   2.2451572e+00  -1.5648861e+00
   1.2256157e+00  -2.1624054e+00
   2.2493916e+00  -1.6574115e+00
   2.1668688e+00  -1.9292282e+00
   2.1141225e+00  -2.0119337e+00
   1.3161920e+00  -2.2153424e+00
   2.0982424e+00  -1.1042857e+00
   2.1459352e+00  -1.1672711e+00
   1.9937848e+00  -2.1439243e+00
   2.2150242e+00  -1.2460814e+00
   1.5382465e+00  -2.2834202e+00
   1.6203781e+00  -2.2849156e+00
   1.3752672e+00  -2.2652541e+00
   2.2581904e+00  -1.3446321e+00
   1.1367424e+00  -2.1632311e+00
   2.0876255e+00  -2.1002381e+00
   1.8415662e+00  -2.2509006e+00
   1.7499241e+00  -2.2835794e+00
   1.4687901e+00  -2.2983530e+00
   2.2577603e+00  -1.8516524e+00
   2.2867571e+00  -1.7517185e+00
   1.9301717e+00  -2.2305090e+00
   2.3035412e+00  -1.4370175e+00
   1.2321663e+00  -2.2467282e+00
   2.2439969e+00  -1.9524962e+00
   2.1862983e+00  -2.0484896e+00
   2.0833768e+00  -9.8084397e-01
   2.0236669e+00  -2.2122340e+00
   2.3369918e+00  -1.5263547e+00
   2.3386404e+00  -1.6265826e+00
   1.6882603e+00  -2.3409569e+00
   2.2487675e+00  -1.1547481e+00
   2.2013816e+00  -1.0792552e+00
   1.2956982e+00  -2.3101881e+00
   1.1507120e+00  -2.2503820e+00
   2.1525931e+00  -1.0116538e+00
   2.1150937e+00  -2.1725275e+00
   1.4064385e+00  -2.3453406e+00
   2.3067324e+00  -1.2445004e+00
   1.8632643e+00  -2.3247618e+00
   1.7882720e+00  -2.3541784e+00
   1.9646042e+00  -2.2992591e+00
   2.2031114e+00  -2.1340225e+00
   2.2775635e+00  -2.0458572e+00
   1.2152545e+00  -2.3383489e+00
   1.0797972e+00  -2.2760919e+00
   2.0799552e+00  -2.2709573e+00
   2.1309989e+00  -8.9434010e-01
   2.1732328e+00  -2.2383521e+00
   1.1425636e+00  -2.3555389e+00
   2.2142138e+00  -9.3469093e-01
   2.0312717e+00  -2.3441997e+00
   2.1348120e+00  -2.3409310e+00
   1.0055677e+00  -2.3533589e+00
   1.5340592e+00  -1.6047597e+00
   1.5039989e+00  -1.5469643e+00
   1.5731062e+00  -1.4668914e+00
   1.5010470e+00  -1.4596332e+00
   1.4481634e+00  -1.6450314e+00
   1.4240026e+00  -1.5155723e+00
   1.6513350e+00  -1.4349331e+00
   1.4035947e+00  -1.5885374e+00
   1.5371596e+00  -1.3725887e+00
   1.4186328e+00  -1.4312449e+00
   1.6079035e+00  -1.3660267e+00
   1.4614069e+00  -1.3638299e+00
   1.3647675e+00  -1.6865014e+00
   1.7290257e+00  -1.3922572e+00
   1.3402950e+00  -1.4745754e+00
   1.3208888e+00  -1.5496928e+00
   1.3143672e+00  -1.6317396e+00
   1.6856643e+00  -1.3297491e+00
   1.3476036e+00  -1.3813637e+00
   1.5526196e+00  -1.2770737e+00
   1.6240020e+00  -1.2708498e+00
   1.4770855e+00  -1.2802969e+00
   1.3857234e+00  -1.3155570e+00
   1.3175487e+00  -1.7635530e+00
   1.2684174e+00  -1.4391776e+00
   1.2408842e+00  -1.5457993e+00
   1.7832803e+00  -1.3102906e+00
   1.2571614e+00  -1.7107801e+00
   1.2266472e+00  -1.6346838e+00
   1.7254426e+00  -1.2531715e+00
   1.4125254e+00  -1.2333239e+00
   1.2648940e+00  -1.3537986e+00
   1.2000444e+00  -1.4757128e+00
   1.5140959e+00  -1.1921352e+00
   1.6635347e+00  -1.1986235e+00
   1.3120167e+00  -1.2761435e+00
   1.5822242e+00  -1.1752263e+00
   1.2388991e+00  -1.8113728e+00
   1.8559976e+00  -1.2668944e+00
   1.1567073e+00  -1.5777168e+00
   1.1803088e+00  -1.7456385e+00
   1.7933274e+00  -1.2040646e+00
   1.4425359e+00  -1.1577479e+00
   1.1905827e+00  -1.3539968e+00
   1.3374576e+00  -1.1965553e+00
   1.1415514e+00  -1.6674784e+00
   1.7343535e+00  -1.1465144e+00
   1.1410531e+00  -1.4202149e+00
   1.2357309e+00  -1.2576607e+00
   1.6502750e+00  -1.1127459e+00
   1.1067559e+00  -1.5138174e+00
   1.5672847e+00  -1.0887018e+00
   1.4921802e+00  -1.0912817e+00
   1.1635032e+00  -1.8549136e+00
   1.8635296e+00  -1.1685426e+00
   1.3649817e+00  -1.1190466e+00
   1.2067209e+00  -1.9222775e+00
   1.2616261e+00  -1.1665078e+00
   1.1078489e+00  -1.7828068e+00
   1.0697339e+00  -1.6763203e+00
   1.0570957e+00  -1.5790282e+00
   1.1207006e+00  -1.3111560e+00
   1.1665363e+00  -1.2367479e+00
   1.7790108e+00  -1.0900708e+00
   1.0582162e+00  -1.4325871e+00
   1.4167020e+00  -1.0559657e+00
   1.6928253e+00  -1.0463735e+00
   1.8600741e+00  -1.0905614e+00
   1.6162082e+00  -1.0174415e+00
   1.2915273e+00  -1.0817119e+00
   1.0485605e+00  -1.3448833e+00
   1.1942313e+00  -1.1385099e+00
   1.5255419e+00  -1.0067920e+00
   1.0368387e+00  -1.7810993e+00
   1.9593045e+00  -1.1393714e+00
   1.0868036e+00  -1.8910936e+00
   9.9332095e-01  -1.4768012e+00
   9.9307899e-01  -1.6779513e+00
   9.8145843e-01  -1.5669695e+00
   1.7523935e+00  -9.9903163e-01
   1.4459918e+00  -9.8448759e-01
   1.3384932e+00  -1.0138155e+00
   1.1053413e+00  -1.1773039e+00
   1.1075030e+00  -1.9670646e+00
   1.0523714e+00  -1.2421668e+00
   1.8343279e+00  -1.0070096e+00
   1.9387479e+00  -1.0582335e+00
   1.2171063e+00  -1.0459448e+00
   1.6360643e+00  -9.4399201e-01
   1.0092458e+00  -1.8812361e+00
   1.5485903e+00  -9.3524149e-01
   9.5842027e-01  -1.7829481e+00
   9.4693836e-01  -1.3985082e+00
   1.1262055e+00  -1.0873760e+00
   9.7017853e-01  -1.3135776e+00
   1.7092957e+00  -9.3281762e-01
   1.3620671e+00  -9.4271641e-01
   9.1806121e-01  -1.6734687e+00
   1.2572174e+00  -9.7509324e-01
   1.1124640e+00  -2.0739777e+00
   1.4551858e+00  -9.0764427e-01
   8.9643546e-01  -1.5767066e+00
   1.9159770e+00  -9.7918721e-01
   8.9220110e-01  -1.4841811e+00
   9.7472387e-01  -1.2123644e+00
   1.0274701e+00  -1.1296589e+00
   1.8254007e+00  -9.2625024e-01
   1.0433503e+00  -2.0373069e+00
   9.9565742e-01  -1.9743216e+00
   1.1478079e+00  -9.9766836e-01
   9.2656842e-01  -1.8955113e+00
   1.6033462e+00  -8.5817248e-01
   1.5212145e+00  -8.5667704e-01
   1.7663255e+00  -8.7633858e-01
   8.8340227e-01  -1.7969606e+00
   2.0048502e+00  -9.7836153e-01
   1.0539672e+00  -1.0413546e+00
   1.3000264e+00  -8.9069209e-01
   1.3916685e+00  -8.5801321e-01
   1.6728025e+00  -8.4323963e-01
   8.8383238e-01  -1.2899402e+00
   8.5483560e-01  -1.3898742e+00
   1.2114210e+00  -9.1108370e-01
   8.3805140e-01  -1.7045752e+00
   1.9094263e+00  -8.9486443e-01
   8.9759573e-01  -1.1890965e+00
   9.5529433e-01  -1.0931030e+00
   1.0582158e+00  -2.1607487e+00
   1.1179258e+00  -9.2935869e-01
   8.0460090e-01  -1.6152380e+00
   8.0295226e-01  -1.5150101e+00
   1.4533323e+00  -8.0063572e-01
   8.9282515e-01  -1.9868445e+00
   9.4021102e-01  -2.0623374e+00
   1.8458945e+00  -8.3140453e-01
   1.9908807e+00  -8.9121062e-01
   9.8899953e-01  -2.1299389e+00
   1.0264989e+00  -9.6906517e-01
   1.7351541e+00  -7.9625206e-01
   8.3486026e-01  -1.8970922e+00
   1.2783284e+00  -8.1683088e-01
   1.3533207e+00  -7.8741423e-01
   1.1769884e+00  -8.4233356e-01
   9.3848126e-01  -1.0075701e+00
   8.6402913e-01  -1.0957354e+00
   1.9263382e+00  -8.0324377e-01
   2.0617954e+00  -8.6550078e-01
   1.0616375e+00  -8.7063540e-01
   1.0105938e+00  -2.2472526e+00
   9.6835986e-01  -9.0324056e-01
   1.9990291e+00  -7.8605380e-01
   9.2737882e-01  -2.2069017e+00
   1.1103210e+00  -7.9739291e-01
   1.0067806e+00  -8.0066162e-01
   2.1360249e+00  -7.8823378e-01
   1.6047367e+00  -3.6758274e-02
   1.5470175e+00  -6.6816342e-02
   1.4668916e+00   2.3223828e-03
   1.4599046e+00  -7.0181049e-02
   1.6444729e+00  -1.2296823e-01
   1.5161668e+00  -1.4701464e-01
   1.4353763e+00   8.1284436e-02
   1.5882900e+00  -1.6722743e-01
   1.3727024e+00  -3.4307972e-02
   1.4328677e+00  -1.5363402e-01
   1.3661696e+00   3.7898198e-02
   1.3650848e+00  -1.1175526e-01
   1.6840437e+00  -2.0737643e-01
   1.3945111e+00   1.6074176e-01
   1.4771278e+00  -2.3153469e-01
   1.5503485e+00  -2.4996088e-01
   1.6297445e+00  -2.5688542e-01
   1.3313688e+00   1.1825649e-01
   1.3861173e+00  -2.2712095e-01
   1.2771237e+00  -1.8989779e-02
   1.2712874e+00   5.5687182e-02
   1.2816084e+00  -9.7783359e-02
   1.3200103e+00  -1.9112206e-01
   1.7573313e+00  -2.5781915e-01
   1.4451814e+00  -3.0485730e-01
   1.5471476e+00  -3.3000788e-01
   1.3162808e+00   2.1967091e-01
   1.7039098e+00  -3.1653123e-01
   1.6309329e+00  -3.4479823e-01
   1.2570923e+00   1.6264957e-01
   1.2377063e+00  -1.6756062e-01
   1.3640224e+00  -3.1278363e-01
   1.4821908e+00  -3.7228332e-01
   1.1927745e+00  -6.1012896e-02
   1.2003004e+00   9.9510545e-02
   1.2862334e+00  -2.6988791e-01
   1.1752536e+00   1.2384174e-02
   1.7980058e+00  -3.4100310e-01
   1.2795382e+00   2.9811736e-01
   1.5771319e+00  -4.1409780e-01
   1.7323564e+00  -3.9592475e-01
   1.2135189e+00   2.3781015e-01
   1.1613449e+00  -1.3989068e-01
   1.3697001e+00  -3.8844673e-01
   1.2071769e+00  -2.4999933e-01
   1.6586836e+00  -4.3101902e-01
   1.1525347e+00   1.7914620e-01
   1.4339973e+00  -4.3406960e-01
   1.2756158e+00  -3.5084975e-01
   1.1143016e+00   8.8568015e-02
   1.5198484e+00  -4.6469075e-01
   1.0887050e+00  -3.9633952e-03
   1.0928871e+00  -8.8560313e-02
   1.8311060e+00  -4.2238381e-01
   1.1865737e+00   3.1652343e-01
   1.1292620e+00  -2.2801346e-01
   1.8983437e+00  -3.8556213e-01
   1.1867082e+00  -3.3437548e-01
   1.7602032e+00  -4.7205711e-01
   1.6633088e+00  -5.0341599e-01
   1.5779657e+00  -5.1371512e-01
   1.3375227e+00  -4.6359123e-01
   1.2645917e+00  -4.2522682e-01
   1.1013025e+00   2.3392154e-01
   1.4504422e+00  -5.1668541e-01
   1.0626563e+00  -1.7659900e-01
   1.0506697e+00   1.4074126e-01
   1.1120861e+00   3.2377638e-01
   1.0180782e+00   5.3363662e-02
   1.1022208e+00  -3.1409352e-01
   1.3754167e+00  -5.3343462e-01
   1.1706059e+00  -4.1072756e-01
   1.0074395e+00  -5.3533265e-02
   1.7514750e+00  -5.4376983e-01
   1.1734184e+00   4.2335294e-01
   1.8532225e+00  -5.0580570e-01
   1.4920778e+00  -5.7950069e-01
   1.6605098e+00  -5.8035189e-01
   1.5676150e+00  -5.8934128e-01
   1.0095768e+00   2.1497509e-01
   9.8964509e-01  -1.4948665e-01
   1.0304579e+00  -2.7180086e-01
   1.2210841e+00  -4.9808813e-01
   1.9233450e+00  -4.9631006e-01
   1.2866505e+00  -5.4242215e-01
   1.0286900e+00   3.0898437e-01
   1.0955166e+00   4.1647844e-01
   1.0814286e+00  -4.0326118e-01
   9.4553318e-01   8.0527152e-02
   1.8323331e+00  -5.8385575e-01
   9.3542335e-01  -2.7591498e-02
   1.7439616e+00  -6.2308181e-01
   1.4311998e+00  -6.3094645e-01
   1.1377647e+00  -4.9362757e-01
   1.3593545e+00  -6.1630664e-01
   9.3989860e-01   1.7181291e-01
   9.5838953e-01  -2.5602668e-01
   1.6523089e+00  -6.5528454e-01
   1.0077915e+00  -3.7337993e-01
   2.0180006e+00  -5.1290409e-01
   9.1284837e-01  -1.4630770e-01
   1.5754129e+00  -6.7436938e-01
   1.0183147e+00   4.0879691e-01
   1.5034036e+00  -6.8043117e-01
   1.2762470e+00  -6.2693122e-01
   1.1966456e+00  -5.8885625e-01
   9.5026621e-01   3.1474797e-01
   1.9699583e+00  -5.7790720e-01
   1.9065597e+00  -6.1397690e-01
   1.0535700e+00  -4.9185531e-01
   1.8287389e+00  -6.7018402e-01
   8.5863011e-01   4.3007128e-02
   8.5774168e-01  -6.5572695e-02
   8.9210582e-01   2.5226466e-01
   1.7449924e+00  -7.0007565e-01
   1.0395564e+00   5.0954257e-01
   1.1162141e+00  -5.8233945e-01
   9.1982271e-01  -3.4291679e-01
   8.7176247e-01  -2.3491725e-01
   8.4785921e-01   1.3621770e-01
   1.3548137e+00  -7.0663454e-01
   1.4346202e+00  -7.2411868e-01
   9.5973583e-01  -4.4381988e-01
   1.6701065e+00  -7.3720972e-01
   9.3961886e-01   4.2406875e-01
   1.2752834e+00  -7.0987986e-01
   1.1860073e+00  -6.7246687e-01
   2.0769583e+00  -5.9527646e-01
   1.0026964e+00  -5.4577855e-01
   1.6028139e+00  -7.6668900e-01
   1.5306732e+00  -7.6862204e-01
   8.0729835e-01  -1.6294400e-01
   1.8910108e+00  -7.2188975e-01
   1.9619056e+00  -6.9161031e-01
   8.6518234e-01   3.6489702e-01
   9.5962378e-01   5.2127340e-01
   2.0299466e+00  -6.5987296e-01
   1.0652696e+00  -6.3334642e-01
   8.0935539e-01   2.2801260e-01
   1.8106728e+00  -7.6296616e-01
   8.5599649e-01  -3.9170227e-01
   8.1060841e-01  -3.0231185e-01
   9.0870796e-01  -5.0807942e-01
   1.1255390e+00  -7.1400139e-01
   1.2155395e+00  -7.6512670e-01
   8.6196317e-01   4.7636733e-01
   9.6225040e-01   6.1220363e-01
   9.7325777e-01  -6.3057417e-01
   2.1298011e+00  -6.7738985e-01
   1.0355116e+00  -7.1922623e-01
   8.7260419e-01   5.7295301e-01
   2.0660825e+00  -7.5031852e-01
   8.9462419e-01  -6.0617638e-01
   9.4172243e-01  -7.2234452e-01
   9.3299289e-01   7.2973622e-01
   1.6047367e+00   3.1048344e+00
   1.5470175e+00   3.0747763e+00
   1.4668916e+00  -3.1392703e+00
   1.4599046e+00   3.0714116e+00
   1.6444729e+00   3.0186244e+00
   1.5161668e+00   2.9945780e+00
   1.4353763e+00  -3.0603082e+00
   1.5882900e+00   2.9743652e+00
   1.3727024e+00   3.1072847e+00
   1.4328677e+00   2.9879586e+00
   1.3661696e+00  -3.1036945e+00
   1.3650848e+00   3.0298374e+00
   1.6840437e+00   2.9342162e+00
   1.3945111e+00  -2.9808509e+00
   1.4771278e+00   2.9100580e+00
   1.5503485e+00   2.8916318e+00
   1.6297445e+00   2.8847072e+00
   1.3313688e+00  -3.0233362e+00
   1.3861173e+00   2.9144717e+00
   1.2771237e+00   3.1226029e+00
   1.2712874e+00  -3.0859055e+00
   1.2816084e+00   3.0438093e+00
   1.3200103e+00   2.9504706e+00
   1.7573313e+00   2.8837735e+00
   1.4451814e+00   2.8367354e+00
   1.5471476e+00   2.8115848e+00
   1.3162808e+00  -2.9219217e+00
   1.7039098e+00   2.8250614e+00
   1.6309329e+00   2.7967944e+00
   1.2570923e+00  -2.9789431e+00
   1.2377063e+00   2.9740320e+00
   1.3640224e+00   2.8288090e+00
   1.4821908e+00   2.7693093e+00
   1.1927745e+00   3.0805798e+00
   1.2003004e+00  -3.0420821e+00
   1.2862334e+00   2.8717047e+00
   1.1752536e+00  -3.1292085e+00
   1.7980058e+00   2.8005896e+00
   1.2795382e+00  -2.8434753e+00
   1.5771319e+00   2.7274949e+00
   1.7323564e+00   2.7456679e+00
   1.2135189e+00  -2.9037825e+00
   1.1613449e+00   3.0017020e+00
   1.3697001e+00   2.7531459e+00
   1.2071769e+00   2.8915933e+00
   1.6586836e+00   2.7105736e+00
   1.1525347e+00  -2.9624465e+00
   1.4339973e+00   2.7075231e+00
   1.2756158e+00   2.7907429e+00
   1.1143016e+00  -3.0530246e+00
   1.5198484e+00   2.6769019e+00
   1.0887050e+00   3.1376293e+00
   1.0928871e+00   3.0530323e+00
   1.8311060e+00   2.7192088e+00
   1.1865737e+00  -2.8250692e+00
   1.1292620e+00   2.9135792e+00
   1.8983437e+00   2.7560305e+00
   1.1867082e+00   2.8072172e+00
   1.7602032e+00   2.6695355e+00
   1.6633088e+00   2.6381767e+00
   1.5779657e+00   2.6278775e+00
   1.3375227e+00   2.6780014e+00
   1.2645917e+00   2.7163658e+00
   1.1013025e+00  -2.9076711e+00
   1.4504422e+00   2.6249072e+00
   1.0626563e+00   2.9649936e+00
   1.0506697e+00  -3.0008514e+00
   1.1120861e+00  -2.8178163e+00
   1.0180782e+00  -3.0882290e+00
   1.1022208e+00   2.8274991e+00
   1.3754167e+00   2.6081580e+00
   1.1706059e+00   2.7308651e+00
   1.0074395e+00   3.0880594e+00
   1.7514750e+00   2.5978228e+00
   1.1734184e+00  -2.7182397e+00
   1.8532225e+00   2.6357870e+00
   1.4920778e+00   2.5620920e+00
   1.6605098e+00   2.5612408e+00
   1.5676150e+00   2.5522514e+00
   1.0095768e+00  -2.9266176e+00
   9.8964509e-01   2.9921060e+00
   1.0304579e+00   2.8697918e+00
   1.2210841e+00   2.6435045e+00
   1.9233450e+00   2.6452826e+00
   1.2866505e+00   2.5991705e+00
   1.0286900e+00  -2.8326083e+00
   1.0955166e+00  -2.7251142e+00
   1.0814286e+00   2.7383315e+00
   9.4553318e-01  -3.0610655e+00
   1.8323331e+00   2.5577369e+00
   9.3542335e-01   3.1140012e+00
   1.7439616e+00   2.5185108e+00
   1.4311998e+00   2.5106462e+00
   1.1377647e+00   2.6479651e+00
   1.3593545e+00   2.5252860e+00
   9.3989860e-01  -2.9697797e+00
   9.5838953e-01   2.8855660e+00
   1.6523089e+00   2.4863081e+00
   1.0077915e+00   2.7682127e+00
   2.0180006e+00   2.6286886e+00
   9.1284837e-01   2.9952850e+00
   1.5754129e+00   2.4672233e+00
   1.0183147e+00  -2.7327957e+00
   1.5034036e+00   2.4611615e+00
   1.2762470e+00   2.5146614e+00
   1.1966456e+00   2.5527364e+00
   9.5026621e-01  -2.8268447e+00
   1.9699583e+00   2.5636854e+00
   1.9065597e+00   2.5276157e+00
   1.0535700e+00   2.6497373e+00
   1.8287389e+00   2.4714086e+00
   8.5863011e-01  -3.0985855e+00
   8.5774168e-01   3.0760200e+00
   8.9210582e-01  -2.8893280e+00
   1.7449924e+00   2.4415170e+00
   1.0395564e+00  -2.6320501e+00
   1.1162141e+00   2.5592532e+00
   9.1982271e-01   2.7986759e+00
   8.7176247e-01   2.9066754e+00
   8.4785921e-01  -3.0053749e+00
   1.3548137e+00   2.4349581e+00
   1.4346202e+00   2.4174740e+00
   9.5973583e-01   2.6977728e+00
   1.6701065e+00   2.4043829e+00
   9.3961886e-01  -2.7175239e+00
   1.2752834e+00   2.4317128e+00
   1.1860073e+00   2.4691258e+00
   2.0769583e+00   2.5463162e+00
   1.0026964e+00   2.5958141e+00
   1.6028139e+00   2.3749037e+00
   1.5306732e+00   2.3729706e+00
   8.0729835e-01   2.9786487e+00
   1.8910108e+00   2.4197029e+00
   1.9619056e+00   2.4499823e+00
   8.6518234e-01  -2.7766956e+00
   9.5962378e-01  -2.6203192e+00
   2.0299466e+00   2.4817197e+00
   1.0652696e+00   2.5082462e+00
   8.0935539e-01  -2.9135801e+00
   1.8106728e+00   2.3786265e+00
   8.5599649e-01   2.7498904e+00
   8.1060841e-01   2.8392808e+00
   9.0870796e-01   2.6335132e+00
   1.1255390e+00   2.4275913e+00
   1.2155395e+00   2.3764660e+00
   8.6196317e-01  -2.6652253e+00
   9.6225040e-01  -2.5293890e+00
   9.7325777e-01   2.5110185e+00
   2.1298011e+00   2.4642028e+00
   1.0355116e+00   2.4223664e+00
   8.7260419e-01  -2.5686396e+00
   2.0660825e+00   2.3912741e+00
   8.9462419e-01   2.5354163e+00
   9.4172243e-01   2.4192481e+00
   9.3299289e-01  -2.4118564e+00
   1.5368559e+00  -3.1048344e+00
   1.5945751e+00  -3.0747763e+00
   1.6747010e+00   3.1392703e+00
   1.6816881e+00  -3.0714116e+00
   1.4971198e+00  -3.0186244e+00
   1.6254258e+00  -2.9945780e+00
   1.7062164e+00   3.0603082e+00
   1.5533026e+00  -2.9743652e+00
   1.7688903e+00  -3.1072847e+00
   1.7087249e+00  -2.9879586e+00
   1.7754230e+00   3.1036945e+00
   1.7765079e+00  -3.0298374e+00
   1.4575489e+00  -2.9342162e+00
   1.7470816e+00   2.9808509e+00
   1.6644649e+00  -2.9100580e+00
   1.5912442e+00  -2.8916318e+00
   1.5118481e+00  -2.8847072e+00
   1.8102238e+00   3.0233362e+00
   1.7554754e+00  -2.9144717e+00
   1.8644690e+00  -3.1226029e+00
   1.8703052e+00   3.0859055e+00
   1.8599843e+00  -3.0438093e+00
   1.8215823e+00  -2.9504706e+00
   1.3842614e+00  -2.8837735e+00
   1.6964113e+00  -2.8367354e+00
   1.5944451e+00  -2.8115848e+00
   1.8253119e+00   2.9219217e+00
   1.4376828e+00  -2.8250614e+00
   1.5106597e+00  -2.7967944e+00
   1.8845003e+00   2.9789431e+00
   1.9038864e+00  -2.9740320e+00
   1.7775703e+00  -2.8288090e+00
   1.6594019e+00  -2.7693093e+00
   1.9488182e+00  -3.0805798e+00
   1.9412923e+00   3.0420821e+00
   1.8553592e+00  -2.8717047e+00
   1.9663391e+00   3.1292085e+00
   1.3435869e+00  -2.8005896e+00
   1.8620545e+00   2.8434753e+00
   1.5644607e+00  -2.7274949e+00
   1.4092363e+00  -2.7456679e+00
   1.9280737e+00   2.9037825e+00
   1.9802477e+00  -3.0017020e+00
   1.7718925e+00  -2.7531459e+00
   1.9344158e+00  -2.8915933e+00
   1.4829090e+00  -2.7105736e+00
   1.9890579e+00   2.9624465e+00
   1.7075954e+00  -2.7075231e+00
   1.8659769e+00  -2.7907429e+00
   2.0272910e+00   3.0530246e+00
   1.6217443e+00  -2.6769019e+00
   2.0528877e+00  -3.1376293e+00
   2.0487055e+00  -3.0530323e+00
   1.3104866e+00  -2.7192088e+00
   1.9550189e+00   2.8250692e+00
   2.0123306e+00  -2.9135792e+00
   1.2432489e+00  -2.7560305e+00
   1.9548845e+00  -2.8072172e+00
   1.3813895e+00  -2.6695355e+00
   1.4782839e+00  -2.6381767e+00
   1.5636270e+00  -2.6278775e+00
   1.8040700e+00  -2.6780014e+00
   1.8770009e+00  -2.7163658e+00
   2.0402902e+00   2.9076711e+00
   1.6911505e+00  -2.6249072e+00
   2.0789363e+00  -2.9649936e+00
   2.0909229e+00   3.0008514e+00
   2.0295066e+00   2.8178163e+00
   2.1235144e+00   3.0882290e+00
   2.0393719e+00  -2.8274991e+00
   1.7661759e+00  -2.6081580e+00
   1.9709867e+00  -2.7308651e+00
   2.1341532e+00  -3.0880594e+00
   1.3901176e+00  -2.5978228e+00
   1.9681742e+00   2.7182397e+00
   1.2883701e+00  -2.6357870e+00
   1.6495149e+00  -2.5620920e+00
   1.4810828e+00  -2.5612408e+00
   1.5739776e+00  -2.5522514e+00
   2.1320158e+00   2.9266176e+00
   2.1519476e+00  -2.9921060e+00
   2.1111348e+00  -2.8697918e+00
   1.9205085e+00  -2.6435045e+00
   1.2182477e+00  -2.6452826e+00
   1.8549421e+00  -2.5991705e+00
   2.1129026e+00   2.8326083e+00
   2.0460760e+00   2.7251142e+00
   2.0601640e+00  -2.7383315e+00
   2.1960595e+00   3.0610655e+00
   1.3092595e+00  -2.5577369e+00
   2.2061693e+00  -3.1140012e+00
   1.3976310e+00  -2.5185108e+00
   1.7103928e+00  -2.5106462e+00
   2.0038279e+00  -2.6479651e+00
   1.7822381e+00  -2.5252860e+00
   2.2016941e+00   2.9697797e+00
   2.1832031e+00  -2.8855660e+00
   1.4892838e+00  -2.4863081e+00
   2.1338012e+00  -2.7682127e+00
   1.1235921e+00  -2.6286886e+00
   2.2287443e+00  -2.9952850e+00
   1.5661798e+00  -2.4672233e+00
   2.1232779e+00   2.7327957e+00
   1.6381891e+00  -2.4611615e+00
   1.8653456e+00  -2.5146614e+00
   1.9449471e+00  -2.5527364e+00
   2.1913264e+00   2.8268447e+00
   1.1716344e+00  -2.5636854e+00
   1.2350330e+00  -2.5276157e+00
   2.0880227e+00  -2.6497373e+00
   1.3128538e+00  -2.4714086e+00
   2.2829625e+00   3.0985855e+00
   2.2838510e+00  -3.0760200e+00
   2.2494868e+00   2.8893280e+00
   1.3966002e+00  -2.4415170e+00
   2.1020363e+00   2.6320501e+00
   2.0253785e+00  -2.5592532e+00
   2.2217699e+00  -2.7986759e+00
   2.2698302e+00  -2.9066754e+00
   2.2937334e+00   3.0053749e+00
   1.7867790e+00  -2.4349581e+00
   1.7069724e+00  -2.4174740e+00
   2.1818568e+00  -2.6977728e+00
   1.4714862e+00  -2.4043829e+00
   2.2019738e+00   2.7175239e+00
   1.8663092e+00  -2.4317128e+00
   1.9555854e+00  -2.4691258e+00
   1.0646344e+00  -2.5463162e+00
   2.1388962e+00  -2.5958141e+00
   1.5387788e+00  -2.3749037e+00
   1.6109195e+00  -2.3729706e+00
   2.3342943e+00  -2.9786487e+00
   1.2505819e+00  -2.4197029e+00
   1.1796871e+00  -2.4499823e+00
   2.2764103e+00   2.7766956e+00
   2.1819689e+00   2.6203192e+00
   1.1116461e+00  -2.4817197e+00
   2.0763230e+00  -2.5082462e+00
   2.3322373e+00   2.9135801e+00
   1.3309199e+00  -2.3786265e+00
   2.2855962e+00  -2.7498904e+00
   2.3309842e+00  -2.8392808e+00
   2.2328847e+00  -2.6335132e+00
   2.0160536e+00  -2.4275913e+00
   1.9260531e+00  -2.3764660e+00
   2.2796295e+00   2.6652253e+00
   2.1793423e+00   2.5293890e+00
   2.1683349e+00  -2.5110185e+00
   1.0117915e+00  -2.4642028e+00
   2.1060810e+00  -2.4223664e+00
   2.2689885e+00   2.5686396e+00
   1.0755101e+00  -2.3912741e+00
   2.2469685e+00  -2.5354163e+00
   2.1998702e+00  -2.4192481e+00
   2.2085998e+00   2.4118564e+00
