   1.5820277e+00   3.9044741e-02
   1.6483540e+00   8.7409174e-03
   1.5342918e+00   9.7737812e-02
   1.6752684e+00  -5.9878626e-02
   1.6162383e+00   1.2499051e-01
   1.6802156e+00   8.9190095e-02
   1.7343493e+00   2.7867588e-02
   1.4814818e+00   1.5700502e-01
   1.5734651e+00   1.8582898e-01
   1.7595188e+00  -4.6799765e-02
   1.7375148e+00  -1.2237841e-01
   1.7180477e+00   1.5854670e-01
   1.6601930e+00   2.0884329e-01
   1.7805387e+00   8.9972719e-02
   1.4918238e+00   2.2490557e-01
   1.8272339e+00   9.3881376e-03
   1.5811481e+00   2.5948306e-01
   1.3934686e+00   1.9825334e-01
   1.8418405e+00  -7.2693424e-02
   1.7732291e+00   2.0163529e-01
   1.8222050e+00  -1.4528119e-01
   1.8336278e+00   1.2934026e-01
   1.6789489e+00   2.7595136e-01
   1.4635865e+00   2.9301974e-01
   1.8863416e+00   4.2016991e-02
   1.5409576e+00   3.2015254e-01
   1.3877813e+00   2.6609169e-01
   1.7507949e+00   2.8589746e-01
   1.6250562e+00   3.3786857e-01
   1.8477429e+00  -2.1804889e-01
   1.9164619e+00  -8.4108192e-02
   1.8303231e+00   2.4753784e-01
   1.8873704e+00   1.8197802e-01
   1.9286172e+00   1.0603815e-01
   1.9439375e+00  -1.5426264e-02
   1.9145916e+00  -1.7230031e-01
   1.4309098e+00   3.6465549e-01
   1.3087051e+00   2.9316421e-01
   1.6775841e+00   3.8118629e-01
   1.5053369e+00   3.9386474e-01
   1.7563290e+00   3.6005903e-01
   1.5776437e+00   4.1135933e-01
   1.3567120e+00   3.5618064e-01
   1.8348845e+00   3.4365819e-01
   1.8946005e+00   2.9428137e-01
   1.9974296e+00   9.9285843e-02
   1.9495583e+00   2.2436021e-01
   1.9865765e+00  -1.4266705e-01
   2.0118887e+00   1.4974510e-02
   1.9303053e+00  -2.6180979e-01
   2.0267603e+00  -7.3060201e-02
   1.6863928e+00   4.5670941e-01
   1.6052419e+00   4.7087071e-01
   1.4577272e+00   4.5953125e-01
   1.9112907e+00  -3.3499313e-01
   2.0102154e+00   1.8685278e-01
   1.3792802e+00   4.3962251e-01
   1.7671450e+00   4.3986716e-01
   1.2809184e+00   3.9299992e-01
   2.0028301e+00  -2.3068958e-01
   1.8556149e+00   4.1706012e-01
   1.5164280e+00   4.9812033e-01
   1.9693729e+00   3.2398877e-01
   2.0901788e+00   4.8548542e-02
   2.0805720e+00  -1.3766983e-01
   1.9316128e+00   3.9304696e-01
   2.0838413e+00   1.3121383e-01
   1.3046285e+00   4.6750349e-01
   2.1056503e+00  -3.5835772e-02
   2.0337907e+00   2.8183685e-01
   2.0074738e+00  -3.2409033e-01
   1.7142708e+00   5.2891914e-01
   1.8121746e+00   4.9554876e-01
   2.0764227e+00  -2.2515727e-01
   1.3841300e+00   5.2047190e-01
   1.6375952e+00   5.4741927e-01
   1.5562885e+00   5.5479686e-01
   1.9834227e+00  -3.9698584e-01
   2.0966181e+00   2.1792300e-01
   1.2119309e+00   4.4668487e-01
   1.4486659e+00   5.5897026e-01
   1.9119597e+00   4.8387573e-01
   2.0395319e+00   3.8630042e-01
   2.0862478e+00  -3.1844269e-01
   1.7782614e+00   5.7018621e-01
   2.1724557e+00  -7.2484167e-02
   2.1592186e+00  -1.6333330e-01
   1.9947246e+00   4.5180472e-01
   2.1725058e+00   1.1470371e-01
   1.3127628e+00   5.6328564e-01
   2.1838909e+00   3.2932744e-02
   1.2461349e+00   5.3098932e-01
   2.1061257e+00   3.1858783e-01
   1.8784218e+00   5.5035005e-01
   1.4793256e+00   6.2005214e-01
   1.6324766e+00   6.2540849e-01
   1.7095501e+00   6.2095008e-01
   2.1748031e+00   2.0705942e-01
   1.5519658e+00   6.3619924e-01
   2.1626483e+00  -2.5401627e-01
   2.0803440e+00  -4.0712836e-01
   1.3755655e+00   6.1478610e-01
   1.1638559e+00   5.2109747e-01
   2.0411628e+00  -4.7544511e-01
   1.9819041e+00   5.4353885e-01
   2.1072390e+00   4.2234942e-01
   1.8423892e+00   6.2178830e-01
   2.1816297e+00   3.0299537e-01
   2.1653635e+00  -3.4519258e-01
   2.2550863e+00  -1.3787374e-02
   2.2523800e+00  -1.1341828e-01
   2.0587978e+00   5.1169548e-01
   1.7743710e+00   6.7001855e-01
   1.4106735e+00   6.8191422e-01
   1.2433459e+00   6.2928677e-01
   2.2450289e+00  -2.0428826e-01
   2.2552977e+00   1.7651305e-01
   1.9481482e+00   6.1057738e-01
   2.2716913e+00   8.6376588e-02
   1.3092553e+00   6.6332574e-01
   1.6247083e+00   7.0727671e-01
   1.1741472e+00   6.0514610e-01
   1.5461397e+00   7.1669437e-01
   1.7010245e+00   7.0744356e-01
   2.1855569e+00   3.9653916e-01
   2.1428470e+00  -4.6171249e-01
   1.4719712e+00   7.1461081e-01
   2.0694376e+00  -5.5932052e-01
   2.2487917e+00  -3.0063869e-01
   2.2626055e+00   2.7540504e-01
   1.8971644e+00   6.7585892e-01
   2.1422556e+00   5.0501825e-01
   2.2088456e+00  -4.2258928e-01
   2.0753837e+00   5.9362624e-01
   1.8230191e+00   7.2944613e-01
   1.3502571e+00   7.3972153e-01
   2.3362007e+00  -4.5510581e-02
   1.1020237e+00   6.3396903e-01
   2.0190615e+00   6.5093058e-01
   2.1424735e+00  -5.5208042e-01
   2.2738203e+00   3.6960067e-01
   2.3387994e+00  -1.4922775e-01
   2.3516735e+00   5.6816292e-02
   1.1948965e+00   7.0611442e-01
   1.2661328e+00   7.3952576e-01
   2.3449344e+00   1.6982745e-01
   2.2298154e+00   4.7124308e-01
   2.3315203e+00  -2.4793848e-01
   2.2870085e+00  -3.7702651e-01
   1.7648871e+00   7.7760383e-01
   1.9654530e+00   7.2186264e-01
   2.1770720e+00   5.7934548e-01
   1.8928254e+00   7.6926867e-01
   2.2229784e+00  -5.4820135e-01
   1.1285420e+00   7.2289762e-01
   2.1273439e+00   6.5870416e-01
   2.2746290e+00  -4.9382455e-01
   2.1575832e+00  -6.4593791e-01
   1.0388105e+00   6.9029110e-01
   2.0586010e+00   7.2606014e-01
   2.2611544e+00   5.5667672e-01
   2.2206618e+00   6.6432034e-01
   2.2416954e+00  -6.4726420e-01
   2.1543327e+00   7.4153305e-01
   1.0014513e+00   7.8083136e-01
   4.0627218e-02  -2.8017010e-01
   7.8047720e-02  -1.4587924e+00
   1.0431209e-01   3.5811795e-01
   1.2036119e-01  -2.0894128e+00
   1.3295425e-01  -3.4976543e-01
   1.4105198e-01  -8.8951019e-01
   1.6588923e-01  -1.4035290e+00
   1.8044937e-01   5.2012809e-01
   1.8584792e-01  -1.4443448e-02
   1.9437163e-01  -1.8110083e+00
   2.0647609e-01  -2.1983764e+00
   2.1595783e-01  -7.5419326e-01
   2.2691560e-01  -4.0806781e-01
   2.2796453e-01  -1.1713940e+00
   2.3814621e-01   3.4099087e-01
   2.5660555e-01  -1.5350083e+00
   2.5968482e-01  -4.0324553e-02
   2.6520858e-01   7.3825443e-01
   2.8039117e-01  -1.8264446e+00
   2.8474097e-01  -7.9765902e-01
   2.8959581e-01  -2.0840623e+00
   2.9227017e-01  -1.1237803e+00
   2.9588424e-01  -3.7921263e-01
   3.1148580e-01   3.5666181e-01
   3.1823771e-01  -1.4428296e+00
   3.2149240e-01   9.4558339e-02
   3.2171925e-01   6.1330481e-01
   3.3652244e-01  -5.7301758e-01
   3.4203273e-01  -1.6240887e-01
   3.5074080e-01  -2.2213223e+00
   3.5535150e-01  -1.7999758e+00
   3.5670947e-01  -8.2552555e-01
   3.6361932e-01  -1.0660803e+00
   3.7255265e-01  -1.2949558e+00
   3.7344499e-01  -1.6101792e+00
   3.8301617e-01  -2.0174144e+00
   3.8944269e-01   3.7603893e-01
   3.9070303e-01   7.4823078e-01
   3.9515624e-01  -2.8054373e-01
   3.9898673e-01   1.6918498e-01
   4.0318853e-01  -4.8947587e-01
   4.1141306e-01  -1.7123118e-02
   4.1320239e-01   5.5752703e-01
   4.3019015e-01  -6.7628985e-01
   4.3403383e-01  -8.5809516e-01
   4.3734175e-01  -1.3560907e+00
   4.3744690e-01  -1.0610448e+00
   4.3822240e-01  -1.8823410e+00
   4.4132981e-01  -1.5390903e+00
   4.4136044e-01  -2.1738736e+00
   4.6137365e-01  -1.7185503e+00
   4.7010954e-01  -2.5745570e-01
   4.7203464e-01  -7.5812183e-02
   4.7227115e-01   2.5063948e-01
   4.7302653e-01  -2.3188349e+00
   4.7510145e-01  -1.1944433e+00
   4.7701875e-01   4.2748194e-01
   4.7907271e-01  -4.3700478e-01
   4.8382143e-01   6.6172774e-01
   4.8631930e-01  -2.0311532e+00
   5.0027706e-01  -6.2584981e-01
   5.0083043e-01   1.1341825e-01
   5.0810986e-01  -9.2348684e-01
   5.2143960e-01  -1.4861193e+00
   5.2645159e-01  -1.8115101e+00
   5.2710830e-01  -7.7794168e-01
   5.2810301e-01  -1.3425979e+00
   5.3305093e-01   5.4406853e-01
   5.3593670e-01  -1.6311966e+00
   5.3666401e-01  -1.0624798e+00
   5.3750690e-01  -2.1695414e+00
   5.4624310e-01  -2.7884102e-01
   5.4677707e-01  -4.7771398e-01
   5.4949444e-01  -1.9541139e+00
   5.5002157e-01   3.6296251e-01
   5.5106709e-01  -1.2782989e-01
   5.5496665e-01   2.7536047e-02
   5.6455182e-01  -2.2942686e+00
   5.6524876e-01  -1.2141682e+00
   5.6529538e-01   7.1505110e-01
   5.7076730e-01   2.2744550e-01
   5.8415017e-01  -6.5188949e-01
   5.9811630e-01  -9.3112064e-01
   5.9824244e-01  -2.0756594e+00
   6.0280408e-01  -3.7181777e-01
   6.0547333e-01  -1.6758888e+00
   6.0807971e-01  -1.8098278e+00
   6.0934552e-01  -8.0195591e-01
   6.1121383e-01  -1.4056323e+00
   6.1371587e-01   4.5904270e-01
   6.1386489e-01  -1.5240285e+00
   6.1415866e-01   5.8660634e-01
   6.1492058e-01  -1.0849084e+00
   6.2266254e-01  -5.4591253e-01
   6.2588355e-01   1.5656425e-01
   6.2803716e-01  -1.0510431e-01
   6.3426192e-01  -2.3557286e-01
   6.3430188e-01  -1.2812386e+00
   6.3643921e-01   3.1686689e-02
   6.3801782e-01  -1.9285271e+00
   6.4081205e-01  -2.1873103e+00
   6.4120061e-01   3.3028993e-01
   6.4939727e-01   7.1356727e-01
   6.5583991e-01  -2.3037743e+00
   6.6879321e-01  -7.0038923e-01
   6.6970675e-01  -9.6723784e-01
   6.7125237e-01  -4.4595428e-01
   6.7316123e-01  -1.1679432e+00
   6.7689003e-01  -2.0347782e+00
   6.8440644e-01  -1.5876950e+00
   6.8946501e-01  -1.7094032e+00
   6.9173841e-01  -8.2571763e-01
   6.9566985e-01  -3.2093031e-01
   6.9752213e-01   2.5084660e-01
   6.9899226e-01   5.2343126e-01
   6.9984503e-01  -1.8193974e+00
   7.0332400e-01  -1.3588689e+00
   7.0490528e-01  -6.0485727e-01
   7.0530161e-01  -1.4689137e+00
   7.0570770e-01   4.1007129e-01
   7.0897471e-01  -8.2861721e-02
   7.0968532e-01   6.3465362e-01
   7.1704318e-01   3.7525074e-02
   7.1728971e-01  -1.9886113e-01
   7.1739354e-01  -1.0702258e+00
   7.1856074e-01  -2.1760563e+00
   7.2021669e-01   1.5015765e-01
   7.3115401e-01  -2.3432396e+00
   7.3191025e-01  -1.9231546e+00
   7.3613036e-01  -1.2536056e+00
   7.3923065e-01  -4.9595630e-01
   7.4348697e-01  -9.2575287e-01
   7.4866744e-01  -2.0760069e+00
   7.5887142e-01  -7.7901439e-01
   7.6417316e-01  -3.6897825e-01
   7.6588990e-01   3.2107155e-01
   7.6648147e-01  -1.6181125e+00
   7.6876686e-01   7.0735647e-01
   7.7141753e-01  -6.7088052e-01
   7.7266551e-01  -2.2547474e+00
   7.7934519e-01  -1.1678588e+00
   7.7944291e-01  -1.7235364e+00
   7.8250406e-01  -1.5135574e+00
   7.8447132e-01   5.4644519e-01
   7.8870375e-01   4.3656531e-01
   7.8874327e-01  -1.3996259e+00
   7.8918744e-01  -1.0406220e+00
   7.9233161e-01  -1.8231264e+00
   7.9355063e-01  -1.9709553e+00
   7.9649528e-01  -2.7317338e-01
   8.0532297e-01  -5.6241972e-01
   8.1250841e-01  -9.0245047e-01
   8.2100051e-01  -4.4722791e-01
   8.2535027e-01  -2.1696445e+00
   8.2610593e-01   6.2124401e-01
   8.3464100e-01  -7.9354691e-01
   8.3485553e-01  -2.0800593e+00
   8.4335641e-01  -2.3065342e+00
   8.4397014e-01   7.4610390e-01
   8.4921060e-01  -6.7421596e-01
   8.5713442e-01  -1.0016832e+00
   8.9329324e-01  -8.8924861e-01
   8.9587296e-01  -2.2204911e+00
   9.0789924e-01  -7.7402997e-01
   9.2944688e-01   7.3794176e-01
   3.1009654e+00   2.8017010e-01
   3.0635449e+00   1.4587924e+00
   3.0372806e+00  -3.5811795e-01
   3.0212315e+00   2.0894128e+00
   3.0086384e+00   3.4976543e-01
   3.0005407e+00   8.8951019e-01
   2.9757034e+00   1.4035290e+00
   2.9611433e+00  -5.2012809e-01
   2.9557447e+00   1.4443448e-02
   2.9472210e+00   1.8110083e+00
   2.9351166e+00   2.1983764e+00
   2.9256348e+00   7.5419326e-01
   2.9146771e+00   4.0806781e-01
   2.9136281e+00   1.1713940e+00
   2.9034464e+00  -3.4099087e-01
   2.8849871e+00   1.5350083e+00
   2.8819078e+00   4.0324553e-02
   2.8763841e+00  -7.3825443e-01
   2.8612015e+00   1.8264446e+00
   2.8568517e+00   7.9765902e-01
   2.8519968e+00   2.0840623e+00
   2.8493225e+00   1.1237803e+00
   2.8457084e+00   3.7921263e-01
   2.8301069e+00  -3.5666181e-01
   2.8233549e+00   1.4428296e+00
   2.8201002e+00  -9.4558339e-02
   2.8198734e+00  -6.1330481e-01
   2.8050702e+00   5.7301758e-01
   2.7995599e+00   1.6240887e-01
   2.7908519e+00   2.2213223e+00
   2.7862412e+00   1.7999758e+00
   2.7848832e+00   8.2552555e-01
   2.7779733e+00   1.0660803e+00
   2.7690400e+00   1.2949558e+00
   2.7681477e+00   1.6101792e+00
   2.7585765e+00   2.0174144e+00
   2.7521500e+00  -3.7603893e-01
   2.7508896e+00  -7.4823078e-01
   2.7464364e+00   2.8054373e-01
   2.7426059e+00  -1.6918498e-01
   2.7384041e+00   4.8947587e-01
   2.7301796e+00   1.7123118e-02
   2.7283903e+00  -5.5752703e-01
   2.7114025e+00   6.7628985e-01
   2.7075588e+00   8.5809516e-01
   2.7042509e+00   1.3560907e+00
   2.7041458e+00   1.0610448e+00
   2.7033703e+00   1.8823410e+00
   2.7002628e+00   1.5390903e+00
   2.7002322e+00   2.1738736e+00
   2.6802190e+00   1.7185503e+00
   2.6714831e+00   2.5745570e-01
   2.6695580e+00   7.5812183e-02
   2.6693215e+00  -2.5063948e-01
   2.6685661e+00   2.3188349e+00
   2.6664912e+00   1.1944433e+00
   2.6645739e+00  -4.2748194e-01
   2.6625199e+00   4.3700478e-01
   2.6577712e+00  -6.6172774e-01
   2.6552734e+00   2.0311532e+00
   2.6413156e+00   6.2584981e-01
   2.6407622e+00  -1.1341825e-01
   2.6334828e+00   9.2348684e-01
   2.6201531e+00   1.4861193e+00
   2.6151411e+00   1.8115101e+00
   2.6144844e+00   7.7794168e-01
   2.6134896e+00   1.3425979e+00
   2.6085417e+00  -5.4406853e-01
   2.6056560e+00   1.6311966e+00
   2.6049286e+00   1.0624798e+00
   2.6040858e+00   2.1695414e+00
   2.5953496e+00   2.7884102e-01
   2.5948156e+00   4.7771398e-01
   2.5920982e+00   1.9541139e+00
   2.5915711e+00  -3.6296251e-01
   2.5905256e+00   1.2782989e-01
   2.5866260e+00  -2.7536047e-02
   2.5770408e+00   2.2942686e+00
   2.5763439e+00   1.2141682e+00
   2.5762973e+00  -7.1505110e-01
   2.5708254e+00  -2.2744550e-01
   2.5574425e+00   6.5188949e-01
   2.5434764e+00   9.3112064e-01
   2.5433502e+00   2.0756594e+00
   2.5387886e+00   3.7181777e-01
   2.5361193e+00   1.6758888e+00
   2.5335129e+00   1.8098278e+00
   2.5322471e+00   8.0195591e-01
   2.5303788e+00   1.4056323e+00
   2.5278768e+00  -4.5904270e-01
   2.5277278e+00   1.5240285e+00
   2.5274340e+00  -5.8660634e-01
   2.5266721e+00   1.0849084e+00
   2.5189301e+00   5.4591253e-01
   2.5157091e+00  -1.5656425e-01
   2.5135555e+00   1.0510431e-01
   2.5073307e+00   2.3557286e-01
   2.5072908e+00   1.2812386e+00
   2.5051534e+00  -3.1686689e-02
   2.5035748e+00   1.9285271e+00
   2.5007806e+00   2.1873103e+00
   2.5003920e+00  -3.3028993e-01
   2.4921954e+00  -7.1356727e-01
   2.4857527e+00   2.3037743e+00
   2.4727994e+00   7.0038923e-01
   2.4718859e+00   9.6723784e-01
   2.4703403e+00   4.4595428e-01
   2.4684314e+00   1.1679432e+00
   2.4647026e+00   2.0347782e+00
   2.4571862e+00   1.5876950e+00
   2.4521276e+00   1.7094032e+00
   2.4498542e+00   8.2571763e-01
   2.4459228e+00   3.2093031e-01
   2.4440705e+00  -2.5084660e-01
   2.4426004e+00  -5.2343126e-01
   2.4417476e+00   1.8193974e+00
   2.4382687e+00   1.3588689e+00
   2.4366874e+00   6.0485727e-01
   2.4362910e+00   1.4689137e+00
   2.4358850e+00  -4.1007129e-01
   2.4326179e+00   8.2861721e-02
   2.4319073e+00  -6.3465362e-01
   2.4245495e+00  -3.7525074e-02
   2.4243029e+00   1.9886113e-01
   2.4241991e+00   1.0702258e+00
   2.4230319e+00   2.1760563e+00
   2.4213760e+00  -1.5015765e-01
   2.4104386e+00   2.3432396e+00
   2.4096824e+00   1.9231546e+00
   2.4054623e+00   1.2536056e+00
   2.4023620e+00   4.9595630e-01
   2.3981057e+00   9.2575287e-01
   2.3929252e+00   2.0760069e+00
   2.3827212e+00   7.7901439e-01
   2.3774195e+00   3.6897825e-01
   2.3757027e+00  -3.2107155e-01
   2.3751112e+00   1.6181125e+00
   2.3728258e+00  -7.0735647e-01
   2.3701751e+00   6.7088052e-01
   2.3689271e+00   2.2547474e+00
   2.3622475e+00   1.1678588e+00
   2.3621497e+00   1.7235364e+00
   2.3590886e+00   1.5135574e+00
   2.3571213e+00  -5.4644519e-01
   2.3528889e+00  -4.3656531e-01
   2.3528494e+00   1.3996259e+00
   2.3524052e+00   1.0406220e+00
   2.3492610e+00   1.8231264e+00
   2.3480420e+00   1.9709553e+00
   2.3450974e+00   2.7317338e-01
   2.3362697e+00   5.6241972e-01
   2.3290842e+00   9.0245047e-01
   2.3205921e+00   4.4722791e-01
   2.3162424e+00   2.1696445e+00
   2.3154867e+00  -6.2124401e-01
   2.3069517e+00   7.9354691e-01
   2.3067371e+00   2.0800593e+00
   2.2982362e+00   2.3065342e+00
   2.2976225e+00  -7.4610390e-01
   2.2923821e+00   6.7421596e-01
   2.2844582e+00   1.0016832e+00
   2.2482994e+00   8.8924861e-01
   2.2457197e+00   2.2204911e+00
   2.2336934e+00   7.7402997e-01
   2.2121458e+00  -7.3794176e-01
   4.0627218e-02   2.8614225e+00
   7.8047720e-02   1.6828002e+00
   1.0431209e-01  -2.7834747e+00
   1.2036119e-01   1.0521799e+00
   1.3295425e-01   2.7918272e+00
   1.4105198e-01   2.2520825e+00
   1.6588923e-01   1.7380636e+00
   1.8044937e-01  -2.6214646e+00
   1.8584792e-01   3.1271492e+00
   1.9437163e-01   1.3305843e+00
   2.0647609e-01   9.4321630e-01
   2.1595783e-01   2.3873994e+00
   2.2691560e-01   2.7335248e+00
   2.2796453e-01   1.9701987e+00
   2.3814621e-01  -2.8006018e+00
   2.5660555e-01   1.6065843e+00
   2.5968482e-01   3.1012681e+00
   2.6520858e-01  -2.4033382e+00
   2.8039117e-01   1.3151480e+00
   2.8474097e-01   2.3439336e+00
   2.8959581e-01   1.0575304e+00
   2.9227017e-01   2.0178124e+00
   2.9588424e-01   2.7623800e+00
   3.1148580e-01  -2.7849308e+00
   3.1823771e-01   1.6987631e+00
   3.2149240e-01  -3.0470343e+00
   3.2171925e-01  -2.5282878e+00
   3.3652244e-01   2.5685751e+00
   3.4203273e-01   2.9791838e+00
   3.5074080e-01   9.2027038e-01
   3.5535150e-01   1.3416168e+00
   3.5670947e-01   2.3160671e+00
   3.6361932e-01   2.0755123e+00
   3.7255265e-01   1.8466368e+00
   3.7344499e-01   1.5314134e+00
   3.8301617e-01   1.1241783e+00
   3.8944269e-01  -2.7655537e+00
   3.9070303e-01  -2.3933619e+00
   3.9515624e-01   2.8610489e+00
   3.9898673e-01  -2.9724077e+00
   4.0318853e-01   2.6521168e+00
   4.1141306e-01   3.1244695e+00
   4.1320239e-01  -2.5840656e+00
   4.3019015e-01   2.4653028e+00
   4.3403383e-01   2.2834975e+00
   4.3734175e-01   1.7855019e+00
   4.3744690e-01   2.0805479e+00
   4.3822240e-01   1.2592516e+00
   4.4132981e-01   1.6025024e+00
   4.4136044e-01   9.6771905e-01
   4.6137365e-01   1.4230424e+00
   4.7010954e-01   2.8841370e+00
   4.7203464e-01   3.0657805e+00
   4.7227115e-01  -2.8909532e+00
   4.7302653e-01   8.2275776e-01
   4.7510145e-01   1.9471493e+00
   4.7701875e-01  -2.7141107e+00
   4.7907271e-01   2.7045879e+00
   4.8382143e-01  -2.4798649e+00
   4.8631930e-01   1.1104395e+00
   5.0027706e-01   2.5157428e+00
   5.0083043e-01  -3.0281744e+00
   5.0810986e-01   2.2181058e+00
   5.2143960e-01   1.6554734e+00
   5.2645159e-01   1.3300826e+00
   5.2710830e-01   2.3636510e+00
   5.2810301e-01   1.7989948e+00
   5.3305093e-01  -2.5975241e+00
   5.3593670e-01   1.5103960e+00
   5.3666401e-01   2.0791128e+00
   5.3750690e-01   9.7205130e-01
   5.4624310e-01   2.8627516e+00
   5.4677707e-01   2.6638787e+00
   5.4949444e-01   1.1874787e+00
   5.5002157e-01  -2.7786301e+00
   5.5106709e-01   3.0137628e+00
   5.5496665e-01  -3.1140566e+00
   5.6455182e-01   8.4732405e-01
   5.6524876e-01   1.9274244e+00
   5.6529538e-01  -2.4265416e+00
   5.7076730e-01  -2.9141472e+00
   5.8415017e-01   2.4897032e+00
   5.9811630e-01   2.2104720e+00
   5.9824244e-01   1.0659333e+00
   6.0280408e-01   2.7697749e+00
   6.0547333e-01   1.4657039e+00
   6.0807971e-01   1.3317648e+00
   6.0934552e-01   2.3396367e+00
   6.1121383e-01   1.7359603e+00
   6.1371587e-01  -2.6825500e+00
   6.1386489e-01   1.6175641e+00
   6.1415866e-01  -2.5549863e+00
   6.1492058e-01   2.0566842e+00
   6.2266254e-01   2.5956801e+00
   6.2588355e-01  -2.9850284e+00
   6.2803716e-01   3.0364883e+00
   6.3426192e-01   2.9060198e+00
   6.3430188e-01   1.8603541e+00
   6.3643921e-01  -3.1099060e+00
   6.3801782e-01   1.2130656e+00
   6.4081205e-01   9.5428234e-01
   6.4120061e-01  -2.8113027e+00
   6.4939727e-01  -2.4280254e+00
   6.5583991e-01   8.3781832e-01
   6.6879321e-01   2.4412034e+00
   6.6970675e-01   2.1743548e+00
   6.7125237e-01   2.6956384e+00
   6.7316123e-01   1.9736494e+00
   6.7689003e-01   1.1068145e+00
   6.8440644e-01   1.5538977e+00
   6.8946501e-01   1.4321894e+00
   6.9173841e-01   2.3158750e+00
   6.9566985e-01   2.8206623e+00
   6.9752213e-01  -2.8907461e+00
   6.9899226e-01  -2.6181614e+00
   6.9984503e-01   1.3221953e+00
   7.0332400e-01   1.7827238e+00
   7.0490528e-01   2.5367354e+00
   7.0530161e-01   1.6726789e+00
   7.0570770e-01  -2.7315214e+00
   7.0897471e-01   3.0587309e+00
   7.0968532e-01  -2.5069390e+00
   7.1704318e-01  -3.1040676e+00
   7.1728971e-01   2.9427315e+00
   7.1739354e-01   2.0713668e+00
   7.1856074e-01   9.6553639e-01
   7.2021669e-01  -2.9914350e+00
   7.3115401e-01   7.9835304e-01
   7.3191025e-01   1.2184380e+00
   7.3613036e-01   1.8879870e+00
   7.3923065e-01   2.6456364e+00
   7.4348697e-01   2.2158398e+00
   7.4866744e-01   1.0655857e+00
   7.5887142e-01   2.3625783e+00
   7.6417316e-01   2.7726144e+00
   7.6588990e-01  -2.8205211e+00
   7.6648147e-01   1.5234802e+00
   7.6876686e-01  -2.4342362e+00
   7.7141753e-01   2.4707121e+00
   7.7266551e-01   8.8684521e-01
   7.7934519e-01   1.9737339e+00
   7.7944291e-01   1.4180563e+00
   7.8250406e-01   1.6280353e+00
   7.8447132e-01  -2.5951475e+00
   7.8870375e-01  -2.7050273e+00
   7.8874327e-01   1.7419667e+00
   7.8918744e-01   2.1009707e+00
   7.9233161e-01   1.3184663e+00
   7.9355063e-01   1.1706374e+00
   7.9649528e-01   2.8684193e+00
   8.0532297e-01   2.5791729e+00
   8.1250841e-01   2.2391422e+00
   8.2100051e-01   2.6943647e+00
   8.2535027e-01   9.7194815e-01
   8.2610593e-01  -2.5203486e+00
   8.3464100e-01   2.3480457e+00
   8.3485553e-01   1.0615334e+00
   8.4335641e-01   8.3505847e-01
   8.4397014e-01  -2.3954888e+00
   8.4921060e-01   2.4673767e+00
   8.5713442e-01   2.1399095e+00
   8.9329324e-01   2.2523440e+00
   8.9587296e-01   9.2110157e-01
   9.0789924e-01   2.3675627e+00
   9.2944688e-01  -2.4036509e+00
   3.1009654e+00  -2.8614225e+00
   3.0635449e+00  -1.6828002e+00
   3.0372806e+00   2.7834747e+00
   3.0212315e+00  -1.0521799e+00
   3.0086384e+00  -2.7918272e+00
   3.0005407e+00  -2.2520825e+00
   2.9757034e+00  -1.7380636e+00
   2.9611433e+00   2.6214646e+00
   2.9557447e+00  -3.1271492e+00
   2.9472210e+00  -1.3305843e+00
   2.9351166e+00  -9.4321630e-01
   2.9256348e+00  -2.3873994e+00
   2.9146771e+00  -2.7335248e+00
   2.9136281e+00  -1.9701987e+00
   2.9034464e+00   2.8006018e+00
   2.8849871e+00  -1.6065843e+00
   2.8819078e+00  -3.1012681e+00
   2.8763841e+00   2.4033382e+00
   2.8612015e+00  -1.3151480e+00
   2.8568517e+00  -2.3439336e+00
   2.8519968e+00  -1.0575304e+00
   2.8493225e+00  -2.0178124e+00
   2.8457084e+00  -2.7623800e+00
   2.8301069e+00   2.7849308e+00
   2.8233549e+00  -1.6987631e+00
   2.8201002e+00   3.0470343e+00
   2.8198734e+00   2.5282878e+00
   2.8050702e+00  -2.5685751e+00
   2.7995599e+00  -2.9791838e+00
   2.7908519e+00  -9.2027038e-01
   2.7862412e+00  -1.3416168e+00
   2.7848832e+00  -2.3160671e+00
   2.7779733e+00  -2.0755123e+00
   2.7690400e+00  -1.8466368e+00
   2.7681477e+00  -1.5314134e+00
   2.7585765e+00  -1.1241783e+00
   2.7521500e+00   2.7655537e+00
   2.7508896e+00   2.3933619e+00
   2.7464364e+00  -2.8610489e+00
   2.7426059e+00   2.9724077e+00
   2.7384041e+00  -2.6521168e+00
   2.7301796e+00  -3.1244695e+00
   2.7283903e+00   2.5840656e+00
   2.7114025e+00  -2.4653028e+00
   2.7075588e+00  -2.2834975e+00
   2.7042509e+00  -1.7855019e+00
   2.7041458e+00  -2.0805479e+00
   2.7033703e+00  -1.2592516e+00
   2.7002628e+00  -1.6025024e+00
   2.7002322e+00  -9.6771905e-01
   2.6802190e+00  -1.4230424e+00
   2.6714831e+00  -2.8841370e+00
   2.6695580e+00  -3.0657805e+00
   2.6693215e+00   2.8909532e+00
   2.6685661e+00  -8.2275776e-01
   2.6664912e+00  -1.9471493e+00
   2.6645739e+00   2.7141107e+00
   2.6625199e+00  -2.7045879e+00
   2.6577712e+00   2.4798649e+00
   2.6552734e+00  -1.1104395e+00
   2.6413156e+00  -2.5157428e+00
   2.6407622e+00   3.0281744e+00
   2.6334828e+00  -2.2181058e+00
   2.6201531e+00  -1.6554734e+00
   2.6151411e+00  -1.3300826e+00
   2.6144844e+00  -2.3636510e+00
   2.6134896e+00  -1.7989948e+00
   2.6085417e+00   2.5975241e+00
   2.6056560e+00  -1.5103960e+00
   2.6049286e+00  -2.0791128e+00
   2.6040858e+00  -9.7205130e-01
   2.5953496e+00  -2.8627516e+00
   2.5948156e+00  -2.6638787e+00
   2.5920982e+00  -1.1874787e+00
   2.5915711e+00   2.7786301e+00
   2.5905256e+00  -3.0137628e+00
   2.5866260e+00   3.1140566e+00
   2.5770408e+00  -8.4732405e-01
   2.5763439e+00  -1.9274244e+00
   2.5762973e+00   2.4265416e+00
   2.5708254e+00   2.9141472e+00
   2.5574425e+00  -2.4897032e+00
   2.5434764e+00  -2.2104720e+00
   2.5433502e+00  -1.0659333e+00
   2.5387886e+00  -2.7697749e+00
   2.5361193e+00  -1.4657039e+00
   2.5335129e+00  -1.3317648e+00
   2.5322471e+00  -2.3396367e+00
   2.5303788e+00  -1.7359603e+00
   2.5278768e+00   2.6825500e+00
   2.5277278e+00  -1.6175641e+00
   2.5274340e+00   2.5549863e+00
   2.5266721e+00  -2.0566842e+00
   2.5189301e+00  -2.5956801e+00
   2.5157091e+00   2.9850284e+00
   2.5135555e+00  -3.0364883e+00
   2.5073307e+00  -2.9060198e+00
   2.5072908e+00  -1.8603541e+00
   2.5051534e+00   3.1099060e+00
   2.5035748e+00  -1.2130656e+00
   2.5007806e+00  -9.5428234e-01
   2.5003920e+00   2.8113027e+00
   2.4921954e+00   2.4280254e+00
   2.4857527e+00  -8.3781832e-01
   2.4727994e+00  -2.4412034e+00
   2.4718859e+00  -2.1743548e+00
   2.4703403e+00  -2.6956384e+00
   2.4684314e+00  -1.9736494e+00
   2.4647026e+00  -1.1068145e+00
   2.4571862e+00  -1.5538977e+00
   2.4521276e+00  -1.4321894e+00
   2.4498542e+00  -2.3158750e+00
   2.4459228e+00  -2.8206623e+00
   2.4440705e+00   2.8907461e+00
   2.4426004e+00   2.6181614e+00
   2.4417476e+00  -1.3221953e+00
   2.4382687e+00  -1.7827238e+00
   2.4366874e+00  -2.5367354e+00
   2.4362910e+00  -1.6726789e+00
   2.4358850e+00   2.7315214e+00
   2.4326179e+00  -3.0587309e+00
   2.4319073e+00   2.5069390e+00
   2.4245495e+00   3.1040676e+00
   2.4243029e+00  -2.9427315e+00
   2.4241991e+00  -2.0713668e+00
   2.4230319e+00  -9.6553639e-01
   2.4213760e+00   2.9914350e+00
   2.4104386e+00  -7.9835304e-01
   2.4096824e+00  -1.2184380e+00
   2.4054623e+00  -1.8879870e+00
   2.4023620e+00  -2.6456364e+00
   2.3981057e+00  -2.2158398e+00
   2.3929252e+00  -1.0655857e+00
   2.3827212e+00  -2.3625783e+00
   2.3774195e+00  -2.7726144e+00
   2.3757027e+00   2.8205211e+00
   2.3751112e+00  -1.5234802e+00
   2.3728258e+00   2.4342362e+00
   2.3701751e+00  -2.4707121e+00
   2.3689271e+00  -8.8684521e-01
   2.3622475e+00  -1.9737339e+00
   2.3621497e+00  -1.4180563e+00
   2.3590886e+00  -1.6280353e+00
   2.3571213e+00   2.5951475e+00
   2.3528889e+00   2.7050273e+00
   2.3528494e+00  -1.7419667e+00
   2.3524052e+00  -2.1009707e+00
   2.3492610e+00  -1.3184663e+00
   2.3480420e+00  -1.1706374e+00
   2.3450974e+00  -2.8684193e+00
   2.3362697e+00  -2.5791729e+00
   2.3290842e+00  -2.2391422e+00
   2.3205921e+00  -2.6943647e+00
   2.3162424e+00  -9.7194815e-01
   2.3154867e+00   2.5203486e+00
   2.3069517e+00  -2.3480457e+00
   2.3067371e+00  -1.0615334e+00
   2.2982362e+00  -8.3505847e-01
   2.2976225e+00   2.3954888e+00
   2.2923821e+00  -2.4673767e+00
   2.2844582e+00  -2.1399095e+00
   2.2482994e+00  -2.2523440e+00
   2.2457197e+00  -9.2110157e-01
   2.2336934e+00  -2.3675627e+00
   2.2121458e+00   2.4036509e+00
   1.5317540e+00   1.5820362e+00
   1.5620817e+00   1.6483570e+00
   1.4731238e+00   1.5341169e+00
   1.6303481e+00   1.6754547e+00
   1.4459355e+00   1.6165951e+00
   1.4821410e+00   1.6806488e+00
   1.5433007e+00   1.7344117e+00
   1.4144223e+00   1.4803755e+00
   1.3849680e+00   1.5735118e+00
   1.6167646e+00   1.7597208e+00
   1.6914696e+00   1.7387477e+00
   1.4139797e+00   1.7198906e+00
   1.3627993e+00   1.6621677e+00
   1.4828006e+00   1.7813656e+00
   1.3466037e+00   1.4897923e+00
   1.5617152e+00   1.8272447e+00
   1.3113275e+00   1.5815066e+00
   1.3756923e+00   1.3900017e+00
   1.6408314e+00   1.8425235e+00
   1.3733333e+00   1.7772982e+00
   1.7114794e+00   1.8247686e+00
   1.4459215e+00   1.8357399e+00
   1.2964991e+00   1.6831666e+00
   1.2795084e+00   1.4588523e+00
   1.5308550e+00   1.8866022e+00
   1.2507914e+00   1.5393613e+00
   1.3092537e+00   1.3812613e+00
   1.2896447e+00   1.7582367e+00
   1.2334448e+00   1.6283007e+00
   1.7804100e+00   1.8541099e+00
   1.6499188e+00   1.9175923e+00
   1.3317128e+00   1.8381048e+00
   1.3979549e+00   1.8923294e+00
   1.4714973e+00   1.9304689e+00
   1.5851610e+00   1.9439779e+00
   1.7329219e+00   1.9193529e+00
   1.2098670e+00   1.4212060e+00
   1.2879248e+00   1.2975858e+00
   1.1918920e+00   1.6857716e+00
   1.1778215e+00   1.4999267e+00
   1.2171904e+00   1.7687220e+00
   1.1594472e+00   1.5782668e+00
   1.2230958e+00   1.3428521e+00
   1.2395176e+00   1.8504660e+00
   1.2922288e+00   1.9080881e+00
   1.4804356e+00   1.9992925e+00
   1.3625813e+00   1.9583594e+00
   1.7012356e+00   1.9903626e+00
   1.5572552e+00   2.0119320e+00
   1.8155136e+00   1.9418725e+00
   1.6363811e+00   2.0278172e+00
   1.1173635e+00   1.6994555e+00
   1.1002276e+00   1.6094443e+00
   1.1144226e+00   1.4447708e+00
   1.8858719e+00   1.9296956e+00
   1.4018748e+00   2.0170136e+00
   1.1397556e+00   1.3597212e+00
   1.1399528e+00   1.7871924e+00
   1.1950319e+00   1.2584686e+00
   1.7799578e+00   2.0131278e+00
   1.1715165e+00   1.8807054e+00
   1.0734794e+00   1.5089254e+00
   1.2730188e+00   1.9888400e+00
   1.5286542e+00   2.0906870e+00
   1.6908711e+00   2.0846312e+00
   1.2043042e+00   1.9585947e+00
   1.4565552e+00   2.0875415e+00
   1.1209918e+00   1.2743852e+00
   1.6016257e+00   2.1059320e+00
   1.3193142e+00   2.0500695e+00
   1.8635232e+00   2.0283131e+00
   1.0478720e+00   1.7365928e+00
   1.0908528e+00   1.8436572e+00
   1.7673836e+00   2.0873288e+00
   1.0602536e+00   1.3564498e+00
   1.0247359e+00   1.6489838e+00
   1.0160647e+00   1.5537289e+00
   1.9328440e+00   2.0139772e+00
   1.3826932e+00   2.1070702e+00
   1.1544088e+00   1.1766450e+00
   1.0164786e+00   1.4270194e+00
   1.1169771e+00   1.9522440e+00
   1.2279954e+00   2.0710716e+00
   1.8466916e+00   2.1086596e+00
   1.0143009e+00   1.8158238e+00
   1.6305353e+00   2.1736832e+00
   1.7064724e+00   2.1654205e+00
   1.1615228e+00   2.0357433e+00
   1.4763048e+00   2.1755859e+00
   1.0282838e+00   1.2682384e+00
   1.5438632e+00   2.1841462e+00
   1.0702186e+00   1.1986673e+00
   1.2980205e+00   2.1290543e+00
   1.0490046e+00   1.9275940e+00
   9.5372586e-01   1.4585626e+00
   9.4676033e-01   1.6468266e+00
   9.5670455e-01   1.7408419e+00
   1.4007698e+00   2.1849344e+00
   9.3472804e-01   1.5473873e+00
   1.7808891e+00   2.1778403e+00
   1.9237507e+00   2.1174446e+00
   9.6936092e-01   1.3332910e+00
   1.0959775e+00   1.1095852e+00
   1.9910864e+00   2.0902613e+00
   1.0768809e+00   2.0419000e+00
   1.2107408e+00   2.1484967e+00
   9.7503580e-01   1.9008585e+00
   1.3238703e+00   2.2037034e+00
   1.8549126e+00   2.1938832e+00
   1.5814796e+00   2.2551328e+00
   1.6587991e+00   2.2555357e+00
   1.1235332e+00   2.1176626e+00
   9.1703437e-01   1.8283211e+00
   8.9922407e-01   1.3656945e+00
   9.7967193e-01   1.1730309e+00
   1.7299468e+00   2.2553001e+00
   1.4343314e+00   2.2629806e+00
   1.0086512e+00   2.0213604e+00
   1.5048159e+00   2.2735328e+00
   9.3377818e-01   1.2433198e+00
   8.6476090e-01   1.6416705e+00
   1.0184165e+00   1.0997451e+00
   8.5436675e-01   1.5380994e+00
   8.7057124e-01   1.7414428e+00
   1.2497976e+00   2.2240953e+00
   1.9547163e+00   2.1942719e+00
   8.6041090e-01   1.4402810e+00
   2.0555604e+00   2.1418363e+00
   1.8035272e+00   2.2713115e+00
   1.3598180e+00   2.2815398e+00
   9.3658074e-01   1.9801338e+00
   1.1516838e+00   2.2044668e+00
   1.9065018e+00   2.2534375e+00
   1.0590983e+00   2.1585167e+00
   8.6928853e-01   1.9036072e+00
   8.5296098e-01   1.2761273e+00
   1.6036087e+00   2.3367183e+00
   1.0140263e+00   1.0096386e+00
   9.9314053e-01   2.1145413e+00
   2.0275845e+00   2.2178665e+00
   1.2915940e+00   2.3084759e+00
   1.6779427e+00   2.3443850e+00
   1.5304507e+00   2.3524809e+00
   9.2281805e-01   1.0923080e+00
   8.7251607e-01   1.1683887e+00
   1.4496524e+00   2.3521788e+00
   1.2036807e+00   2.2863786e+00
   1.7495027e+00   2.3470392e+00
   1.8521959e+00   2.3232231e+00
   8.1151439e-01   1.8399467e+00
   9.1475025e-01   2.0774082e+00
   1.1041398e+00   2.2627343e+00
   8.5017414e-01   2.0055707e+00
   1.9978515e+00   2.3007143e+00
   9.2990384e-01   1.0075549e+00
   1.0242754e+00   2.2374052e+00
   1.9405222e+00   2.3378865e+00
   2.0958463e+00   2.2651397e+00
   9.8991354e-01   9.1880706e-01
   9.4407720e-01   2.1878788e+00
   1.1512119e+00   2.3424174e+00
   1.0577254e+00   2.3385247e+00
   2.0627088e+00   2.3536699e+00
   9.7199781e-01   2.3010162e+00
   9.3621842e-01   8.3739885e-01
   1.6098386e+00   1.5595564e+00
   1.5795110e+00   1.4932357e+00
   1.6684688e+00   1.6074757e+00
   1.5112446e+00   1.4661380e+00
   1.6956571e+00   1.5249976e+00
   1.6594516e+00   1.4609439e+00
   1.5982919e+00   1.4071810e+00
   1.7271704e+00   1.6612171e+00
   1.7566246e+00   1.5680808e+00
   1.5248281e+00   1.3818719e+00
   1.4501231e+00   1.4028450e+00
   1.7276130e+00   1.4217020e+00
   1.7787934e+00   1.4794250e+00
   1.6587921e+00   1.3602271e+00
   1.7949889e+00   1.6518003e+00
   1.5798775e+00   1.3143480e+00
   1.8302652e+00   1.5600860e+00
   1.7659004e+00   1.7515910e+00
   1.5007612e+00   1.2990692e+00
   1.7682593e+00   1.3642944e+00
   1.4301132e+00   1.3168240e+00
   1.6956712e+00   1.3058528e+00
   1.8450935e+00   1.4584261e+00
   1.8620843e+00   1.6827404e+00
   1.6107377e+00   1.2549905e+00
   1.8908013e+00   1.6022314e+00
   1.8323390e+00   1.7603313e+00
   1.8519480e+00   1.3833560e+00
   1.9081479e+00   1.5132919e+00
   1.3611827e+00   1.2874828e+00
   1.4916739e+00   1.2240004e+00
   1.8098799e+00   1.3034878e+00
   1.7436378e+00   1.2492633e+00
   1.6700953e+00   1.2111238e+00
   1.5564317e+00   1.1976148e+00
   1.4086708e+00   1.2222397e+00
   1.9317257e+00   1.7203867e+00
   1.8536678e+00   1.8440069e+00
   1.9497006e+00   1.4558211e+00
   1.9637712e+00   1.6416659e+00
   1.9244022e+00   1.3728706e+00
   1.9821454e+00   1.5633258e+00
   1.9184969e+00   1.7987406e+00
   1.9020750e+00   1.2911267e+00
   1.8493639e+00   1.2335045e+00
   1.6611571e+00   1.1423002e+00
   1.7790113e+00   1.1832333e+00
   1.4403570e+00   1.1512301e+00
   1.5843375e+00   1.1296606e+00
   1.3260790e+00   1.1997202e+00
   1.5052115e+00   1.1137754e+00
   2.0242291e+00   1.4421371e+00
   2.0413651e+00   1.5321484e+00
   2.0271701e+00   1.6968218e+00
   1.2557208e+00   1.2118971e+00
   1.7397178e+00   1.1245791e+00
   2.0018371e+00   1.7818714e+00
   2.0016398e+00   1.3544003e+00
   1.9465608e+00   1.8831240e+00
   1.3616349e+00   1.1284649e+00
   1.9700762e+00   1.2608873e+00
   2.0681132e+00   1.6326673e+00
   1.8685738e+00   1.1527526e+00
   1.6129385e+00   1.0509057e+00
   1.4507216e+00   1.0569614e+00
   1.9372884e+00   1.1829980e+00
   1.6850375e+00   1.0540511e+00
   2.0206009e+00   1.8672075e+00
   1.5399670e+00   1.0356606e+00
   1.8222784e+00   1.0915232e+00
   1.2780695e+00   1.1132796e+00
   2.0937207e+00   1.4049998e+00
   2.0507398e+00   1.2979355e+00
   1.3742091e+00   1.0542639e+00
   2.0813391e+00   1.7851428e+00
   2.1168567e+00   1.4926088e+00
   2.1255280e+00   1.5878638e+00
   1.2087486e+00   1.1276154e+00
   1.7588995e+00   1.0345224e+00
   1.9871838e+00   1.9649477e+00
   2.1251141e+00   1.7145733e+00
   2.0246156e+00   1.1893487e+00
   1.9135973e+00   1.0705211e+00
   1.2949010e+00   1.0329331e+00
   2.1272918e+00   1.3257688e+00
   1.5110573e+00   9.6790949e-01
   1.4351202e+00   9.7617217e-01
   1.9800699e+00   1.1058493e+00
   1.6652879e+00   9.6600677e-01
   2.1133089e+00   1.8733543e+00
   1.5977295e+00   9.5744647e-01
   2.0713740e+00   1.9429254e+00
   1.8435722e+00   1.0125384e+00
   2.0925880e+00   1.2139987e+00
   2.1878668e+00   1.6830301e+00
   2.1948323e+00   1.4947660e+00
   2.1848881e+00   1.4007508e+00
   1.7408229e+00   9.5665823e-01
   2.2068646e+00   1.5942053e+00
   1.3607036e+00   9.6375237e-01
   1.2178419e+00   1.0241481e+00
   2.1722317e+00   1.8083016e+00
   2.0456151e+00   2.0320075e+00
   1.1505062e+00   1.0513314e+00
   2.0647117e+00   1.0996926e+00
   1.9308518e+00   9.9309592e-01
   2.1665569e+00   1.2407341e+00
   1.8177224e+00   9.3788929e-01
   1.2866801e+00   9.4770946e-01
   1.5601131e+00   8.8645983e-01
   1.4827936e+00   8.8605691e-01
   2.0180595e+00   1.0239300e+00
   2.2245583e+00   1.3132715e+00
   2.2423686e+00   1.7758982e+00
   2.1619207e+00   1.9685617e+00
   1.4116459e+00   8.8629252e-01
   1.7072612e+00   8.7861210e-01
   2.1329415e+00   1.1202323e+00
   1.6367768e+00   8.6805987e-01
   2.2078145e+00   1.8982729e+00
   2.2768317e+00   1.4999221e+00
   2.1231762e+00   2.0418475e+00
   2.2872259e+00   1.6034932e+00
   2.2710214e+00   1.4001499e+00
   1.8917950e+00   9.1749734e-01
   1.1868764e+00   9.4732072e-01
   2.2811818e+00   1.7013116e+00
   1.0860323e+00   9.9975634e-01
   1.3380654e+00   8.7028117e-01
   1.7817746e+00   8.6005287e-01
   2.2050119e+00   1.1614589e+00
   1.9899089e+00   9.3712588e-01
   1.2350909e+00   8.8815513e-01
   2.0824943e+00   9.8307595e-01
   2.2723041e+00   1.2379855e+00
   2.2886317e+00   1.8654653e+00
   1.5379840e+00   8.0487436e-01
   2.1275664e+00   2.1319540e+00
   2.1484521e+00   1.0270514e+00
   1.1140082e+00   9.2372617e-01
   1.8499987e+00   8.3311672e-01
   1.4636500e+00   7.9720766e-01
   1.6111420e+00   7.8911177e-01
   2.2187746e+00   2.0492847e+00
   2.2690766e+00   1.9732039e+00
   1.6919402e+00   7.8941386e-01
   1.9379120e+00   8.5521404e-01
   1.3920900e+00   7.9455343e-01
   1.2893968e+00   8.1836953e-01
   2.3300783e+00   1.3016459e+00
   2.2268424e+00   1.0641845e+00
   2.0374529e+00   8.7885832e-01
   2.2914185e+00   1.1360220e+00
   1.1437411e+00   8.4087835e-01
   2.2116888e+00   2.1340377e+00
   2.1173172e+00   9.0418746e-01
   1.2010704e+00   8.0370611e-01
   1.0457463e+00   8.7645300e-01
   2.1516791e+00   2.2227856e+00
   2.1975155e+00   9.5371384e-01
   1.9903808e+00   7.9917529e-01
   2.0838673e+00   8.0306800e-01
   1.0788838e+00   7.8792278e-01
   2.1695948e+00   8.4057649e-01
   2.2053742e+00   2.3041938e+00
   1.6098386e+00  -1.5820362e+00
   1.5795110e+00  -1.6483570e+00
   1.6684688e+00  -1.5341169e+00
   1.5112446e+00  -1.6754547e+00
   1.6956571e+00  -1.6165951e+00
   1.6594516e+00  -1.6806488e+00
   1.5982919e+00  -1.7344117e+00
   1.7271704e+00  -1.4803755e+00
   1.7566246e+00  -1.5735118e+00
   1.5248281e+00  -1.7597208e+00
   1.4501231e+00  -1.7387477e+00
   1.7276130e+00  -1.7198906e+00
   1.7787934e+00  -1.6621677e+00
   1.6587921e+00  -1.7813656e+00
   1.7949889e+00  -1.4897923e+00
   1.5798775e+00  -1.8272447e+00
   1.8302652e+00  -1.5815066e+00
   1.7659004e+00  -1.3900017e+00
   1.5007612e+00  -1.8425235e+00
   1.7682593e+00  -1.7772982e+00
   1.4301132e+00  -1.8247686e+00
   1.6956712e+00  -1.8357399e+00
   1.8450935e+00  -1.6831666e+00
   1.8620843e+00  -1.4588523e+00
   1.6107377e+00  -1.8866022e+00
   1.8908013e+00  -1.5393613e+00
   1.8323390e+00  -1.3812613e+00
   1.8519480e+00  -1.7582367e+00
   1.9081479e+00  -1.6283007e+00
   1.3611827e+00  -1.8541099e+00
   1.4916739e+00  -1.9175923e+00
   1.8098799e+00  -1.8381048e+00
   1.7436378e+00  -1.8923294e+00
   1.6700953e+00  -1.9304689e+00
   1.5564317e+00  -1.9439779e+00
   1.4086708e+00  -1.9193529e+00
   1.9317257e+00  -1.4212060e+00
   1.8536678e+00  -1.2975858e+00
   1.9497006e+00  -1.6857716e+00
   1.9637712e+00  -1.4999267e+00
   1.9244022e+00  -1.7687220e+00
   1.9821454e+00  -1.5782668e+00
   1.9184969e+00  -1.3428521e+00
   1.9020750e+00  -1.8504660e+00
   1.8493639e+00  -1.9080881e+00
   1.6611571e+00  -1.9992925e+00
   1.7790113e+00  -1.9583594e+00
   1.4403570e+00  -1.9903626e+00
   1.5843375e+00  -2.0119320e+00
   1.3260790e+00  -1.9418725e+00
   1.5052115e+00  -2.0278172e+00
   2.0242291e+00  -1.6994555e+00
   2.0413651e+00  -1.6094443e+00
   2.0271701e+00  -1.4447708e+00
   1.2557208e+00  -1.9296956e+00
   1.7397178e+00  -2.0170136e+00
   2.0018371e+00  -1.3597212e+00
   2.0016398e+00  -1.7871924e+00
   1.9465608e+00  -1.2584686e+00
   1.3616349e+00  -2.0131278e+00
   1.9700762e+00  -1.8807054e+00
   2.0681132e+00  -1.5089254e+00
   1.8685738e+00  -1.9888400e+00
   1.6129385e+00  -2.0906870e+00
   1.4507216e+00  -2.0846312e+00
   1.9372884e+00  -1.9585947e+00
   1.6850375e+00  -2.0875415e+00
   2.0206009e+00  -1.2743852e+00
   1.5399670e+00  -2.1059320e+00
   1.8222784e+00  -2.0500695e+00
   1.2780695e+00  -2.0283131e+00
   2.0937207e+00  -1.7365928e+00
   2.0507398e+00  -1.8436572e+00
   1.3742091e+00  -2.0873288e+00
   2.0813391e+00  -1.3564498e+00
   2.1168567e+00  -1.6489838e+00
   2.1255280e+00  -1.5537289e+00
   1.2087486e+00  -2.0139772e+00
   1.7588995e+00  -2.1070702e+00
   1.9871838e+00  -1.1766450e+00
   2.1251141e+00  -1.4270194e+00
   2.0246156e+00  -1.9522440e+00
   1.9135973e+00  -2.0710716e+00
   1.2949010e+00  -2.1086596e+00
   2.1272918e+00  -1.8158238e+00
   1.5110573e+00  -2.1736832e+00
   1.4351202e+00  -2.1654205e+00
   1.9800699e+00  -2.0357433e+00
   1.6652879e+00  -2.1755859e+00
   2.1133089e+00  -1.2682384e+00
   1.5977295e+00  -2.1841462e+00
   2.0713740e+00  -1.1986673e+00
   1.8435722e+00  -2.1290543e+00
   2.0925880e+00  -1.9275940e+00
   2.1878668e+00  -1.4585626e+00
   2.1948323e+00  -1.6468266e+00
   2.1848881e+00  -1.7408419e+00
   1.7408229e+00  -2.1849344e+00
   2.2068646e+00  -1.5473873e+00
   1.3607036e+00  -2.1778403e+00
   1.2178419e+00  -2.1174446e+00
   2.1722317e+00  -1.3332910e+00
   2.0456151e+00  -1.1095852e+00
   1.1505062e+00  -2.0902613e+00
   2.0647117e+00  -2.0419000e+00
   1.9308518e+00  -2.1484967e+00
   2.1665569e+00  -1.9008585e+00
   1.8177224e+00  -2.2037034e+00
   1.2866801e+00  -2.1938832e+00
   1.5601131e+00  -2.2551328e+00
   1.4827936e+00  -2.2555357e+00
   2.0180595e+00  -2.1176626e+00
   2.2245583e+00  -1.8283211e+00
   2.2423686e+00  -1.3656945e+00
   2.1619207e+00  -1.1730309e+00
   1.4116459e+00  -2.2553001e+00
   1.7072612e+00  -2.2629806e+00
   2.1329415e+00  -2.0213604e+00
   1.6367768e+00  -2.2735328e+00
   2.2078145e+00  -1.2433198e+00
   2.2768317e+00  -1.6416705e+00
   2.1231762e+00  -1.0997451e+00
   2.2872259e+00  -1.5380994e+00
   2.2710214e+00  -1.7414428e+00
   1.8917950e+00  -2.2240953e+00
   1.1868764e+00  -2.1942719e+00
   2.2811818e+00  -1.4402810e+00
   1.0860323e+00  -2.1418363e+00
   1.3380654e+00  -2.2713115e+00
   1.7817746e+00  -2.2815398e+00
   2.2050119e+00  -1.9801338e+00
   1.9899089e+00  -2.2044668e+00
   1.2350909e+00  -2.2534375e+00
   2.0824943e+00  -2.1585167e+00
   2.2723041e+00  -1.9036072e+00
   2.2886317e+00  -1.2761273e+00
   1.5379840e+00  -2.3367183e+00
   2.1275664e+00  -1.0096386e+00
   2.1484521e+00  -2.1145413e+00
   1.1140082e+00  -2.2178665e+00
   1.8499987e+00  -2.3084759e+00
   1.4636500e+00  -2.3443850e+00
   1.6111420e+00  -2.3524809e+00
   2.2187746e+00  -1.0923080e+00
   2.2690766e+00  -1.1683887e+00
   1.6919402e+00  -2.3521788e+00
   1.9379120e+00  -2.2863786e+00
   1.3920900e+00  -2.3470392e+00
   1.2893968e+00  -2.3232231e+00
   2.3300783e+00  -1.8399467e+00
   2.2268424e+00  -2.0774082e+00
   2.0374529e+00  -2.2627343e+00
   2.2914185e+00  -2.0055707e+00
   1.1437411e+00  -2.3007143e+00
   2.2116888e+00  -1.0075549e+00
   2.1173172e+00  -2.2374052e+00
   1.2010704e+00  -2.3378865e+00
   1.0457463e+00  -2.2651397e+00
   2.1516791e+00  -9.1880706e-01
   2.1975155e+00  -2.1878788e+00
   1.9903808e+00  -2.3424174e+00
   2.0838673e+00  -2.3385247e+00
   1.0788838e+00  -2.3536699e+00
   2.1695948e+00  -2.3010162e+00
   2.2053742e+00  -8.3739885e-01
   1.5317540e+00  -1.5595564e+00
   1.5620817e+00  -1.4932357e+00
   1.4731238e+00  -1.6074757e+00
   1.6303481e+00  -1.4661380e+00
   1.4459355e+00  -1.5249976e+00
   1.4821410e+00  -1.4609439e+00
   1.5433007e+00  -1.4071810e+00
   1.4144223e+00  -1.6612171e+00
   1.3849680e+00  -1.5680808e+00
   1.6167646e+00  -1.3818719e+00
   1.6914696e+00  -1.4028450e+00
   1.4139797e+00  -1.4217020e+00
   1.3627993e+00  -1.4794250e+00
   1.4828006e+00  -1.3602271e+00
   1.3466037e+00  -1.6518003e+00
   1.5617152e+00  -1.3143480e+00
   1.3113275e+00  -1.5600860e+00
   1.3756923e+00  -1.7515910e+00
   1.6408314e+00  -1.2990692e+00
   1.3733333e+00  -1.3642944e+00
   1.7114794e+00  -1.3168240e+00
   1.4459215e+00  -1.3058528e+00
   1.2964991e+00  -1.4584261e+00
   1.2795084e+00  -1.6827404e+00
   1.5308550e+00  -1.2549905e+00
   1.2507914e+00  -1.6022314e+00
   1.3092537e+00  -1.7603313e+00
   1.2896447e+00  -1.3833560e+00
   1.2334448e+00  -1.5132919e+00
   1.7804100e+00  -1.2874828e+00
   1.6499188e+00  -1.2240004e+00
   1.3317128e+00  -1.3034878e+00
   1.3979549e+00  -1.2492633e+00
   1.4714973e+00  -1.2111238e+00
   1.5851610e+00  -1.1976148e+00
   1.7329219e+00  -1.2222397e+00
   1.2098670e+00  -1.7203867e+00
   1.2879248e+00  -1.8440069e+00
   1.1918920e+00  -1.4558211e+00
   1.1778215e+00  -1.6416659e+00
   1.2171904e+00  -1.3728706e+00
   1.1594472e+00  -1.5633258e+00
   1.2230958e+00  -1.7987406e+00
   1.2395176e+00  -1.2911267e+00
   1.2922288e+00  -1.2335045e+00
   1.4804356e+00  -1.1423002e+00
   1.3625813e+00  -1.1832333e+00
   1.7012356e+00  -1.1512301e+00
   1.5572552e+00  -1.1296606e+00
   1.8155136e+00  -1.1997202e+00
   1.6363811e+00  -1.1137754e+00
   1.1173635e+00  -1.4421371e+00
   1.1002276e+00  -1.5321484e+00
   1.1144226e+00  -1.6968218e+00
   1.8858719e+00  -1.2118971e+00
   1.4018748e+00  -1.1245791e+00
   1.1397556e+00  -1.7818714e+00
   1.1399528e+00  -1.3544003e+00
   1.1950319e+00  -1.8831240e+00
   1.7799578e+00  -1.1284649e+00
   1.1715165e+00  -1.2608873e+00
   1.0734794e+00  -1.6326673e+00
   1.2730188e+00  -1.1527526e+00
   1.5286542e+00  -1.0509057e+00
   1.6908711e+00  -1.0569614e+00
   1.2043042e+00  -1.1829980e+00
   1.4565552e+00  -1.0540511e+00
   1.1209918e+00  -1.8672075e+00
   1.6016257e+00  -1.0356606e+00
   1.3193142e+00  -1.0915232e+00
   1.8635232e+00  -1.1132796e+00
   1.0478720e+00  -1.4049998e+00
   1.0908528e+00  -1.2979355e+00
   1.7673836e+00  -1.0542639e+00
   1.0602536e+00  -1.7851428e+00
   1.0247359e+00  -1.4926088e+00
   1.0160647e+00  -1.5878638e+00
   1.9328440e+00  -1.1276154e+00
   1.3826932e+00  -1.0345224e+00
   1.1544088e+00  -1.9649477e+00
   1.0164786e+00  -1.7145733e+00
   1.1169771e+00  -1.1893487e+00
   1.2279954e+00  -1.0705211e+00
   1.8466916e+00  -1.0329331e+00
   1.0143009e+00  -1.3257688e+00
   1.6305353e+00  -9.6790949e-01
   1.7064724e+00  -9.7617217e-01
   1.1615228e+00  -1.1058493e+00
   1.4763048e+00  -9.6600677e-01
   1.0282838e+00  -1.8733543e+00
   1.5438632e+00  -9.5744647e-01
   1.0702186e+00  -1.9429254e+00
   1.2980205e+00  -1.0125384e+00
   1.0490046e+00  -1.2139987e+00
   9.5372586e-01  -1.6830301e+00
   9.4676033e-01  -1.4947660e+00
   9.5670455e-01  -1.4007508e+00
   1.4007698e+00  -9.5665823e-01
   9.3472804e-01  -1.5942053e+00
   1.7808891e+00  -9.6375237e-01
   1.9237507e+00  -1.0241481e+00
   9.6936092e-01  -1.8083016e+00
   1.0959775e+00  -2.0320075e+00
   1.9910864e+00  -1.0513314e+00
   1.0768809e+00  -1.0996926e+00
   1.2107408e+00  -9.9309592e-01
   9.7503580e-01  -1.2407341e+00
   1.3238703e+00  -9.3788929e-01
   1.8549126e+00  -9.4770946e-01
   1.5814796e+00  -8.8645983e-01
   1.6587991e+00  -8.8605691e-01
   1.1235332e+00  -1.0239300e+00
   9.1703437e-01  -1.3132715e+00
   8.9922407e-01  -1.7758982e+00
   9.7967193e-01  -1.9685617e+00
   1.7299468e+00  -8.8629252e-01
   1.4343314e+00  -8.7861210e-01
   1.0086512e+00  -1.1202323e+00
   1.5048159e+00  -8.6805987e-01
   9.3377818e-01  -1.8982729e+00
   8.6476090e-01  -1.4999221e+00
   1.0184165e+00  -2.0418475e+00
   8.5436675e-01  -1.6034932e+00
   8.7057124e-01  -1.4001499e+00
   1.2497976e+00  -9.1749734e-01
   1.9547163e+00  -9.4732072e-01
   8.6041090e-01  -1.7013116e+00
   2.0555604e+00  -9.9975634e-01
   1.8035272e+00  -8.7028117e-01
   1.3598180e+00  -8.6005287e-01
   9.3658074e-01  -1.1614589e+00
   1.1516838e+00  -9.3712588e-01
   1.9065018e+00  -8.8815513e-01
   1.0590983e+00  -9.8307595e-01
   8.6928853e-01  -1.2379855e+00
   8.5296098e-01  -1.8654653e+00
   1.6036087e+00  -8.0487436e-01
   1.0140263e+00  -2.1319540e+00
   9.9314053e-01  -1.0270514e+00
   2.0275845e+00  -9.2372617e-01
   1.2915940e+00  -8.3311672e-01
   1.6779427e+00  -7.9720766e-01
   1.5304507e+00  -7.8911177e-01
   9.2281805e-01  -2.0492847e+00
   8.7251607e-01  -1.9732039e+00
   1.4496524e+00  -7.8941386e-01
   1.2036807e+00  -8.5521404e-01
   1.7495027e+00  -7.9455343e-01
   1.8521959e+00  -8.1836953e-01
   8.1151439e-01  -1.3016459e+00
   9.1475025e-01  -1.0641845e+00
   1.1041398e+00  -8.7885832e-01
   8.5017414e-01  -1.1360220e+00
   1.9978515e+00  -8.4087835e-01
   9.2990384e-01  -2.1340377e+00
   1.0242754e+00  -9.0418746e-01
   1.9405222e+00  -8.0370611e-01
   2.0958463e+00  -8.7645300e-01
   9.8991354e-01  -2.2227856e+00
   9.4407720e-01  -9.5371384e-01
   1.1512119e+00  -7.9917529e-01
   1.0577254e+00  -8.0306800e-01
   2.0627088e+00  -7.8792278e-01
   9.7199781e-01  -8.4057649e-01
   9.3621842e-01  -2.3041938e+00
   1.5595650e+00  -3.9044741e-02
   1.4932386e+00  -8.7409174e-03
   1.6073008e+00  -9.7737812e-02
   1.4663242e+00   5.9878626e-02
   1.5253544e+00  -1.2499051e-01
   1.4613771e+00  -8.9190095e-02
   1.4072434e+00  -2.7867588e-02
   1.6601109e+00  -1.5700502e-01
   1.5681276e+00  -1.8582898e-01
   1.3820738e+00   4.6799765e-02
   1.4040778e+00   1.2237841e-01
   1.4235449e+00  -1.5854670e-01
   1.4813997e+00  -2.0884329e-01
   1.3610540e+00  -8.9972719e-02
   1.6497688e+00  -2.2490557e-01
   1.3143588e+00  -9.3881376e-03
   1.5604446e+00  -2.5948306e-01
   1.7481241e+00  -1.9825334e-01
   1.2997521e+00   7.2693424e-02
   1.3683636e+00  -2.0163529e-01
   1.3193877e+00   1.4528119e-01
   1.3079649e+00  -1.2934026e-01
   1.4626437e+00  -2.7595136e-01
   1.6780061e+00  -2.9301974e-01
   1.2552511e+00  -4.2016991e-02
   1.6006351e+00  -3.2015254e-01
   1.7538114e+00  -2.6609169e-01
   1.3907978e+00  -2.8589746e-01
   1.5165365e+00  -3.3786857e-01
   1.2938497e+00   2.1804889e-01
   1.2251308e+00   8.4108192e-02
   1.3112695e+00  -2.4753784e-01
   1.2542222e+00  -1.8197802e-01
   1.2129755e+00  -1.0603815e-01
   1.1976552e+00   1.5426264e-02
   1.2270010e+00   1.7230031e-01
   1.7106828e+00  -3.6465549e-01
   1.8328875e+00  -2.9316421e-01
   1.4640086e+00  -3.8118629e-01
   1.6362558e+00  -3.9386474e-01
   1.3852636e+00  -3.6005903e-01
   1.5639490e+00  -4.1135933e-01
   1.7848807e+00  -3.5618064e-01
   1.3067081e+00  -3.4365819e-01
   1.2469921e+00  -2.9428137e-01
   1.1441630e+00  -9.9285843e-02
   1.1920343e+00  -2.2436021e-01
   1.1550162e+00   1.4266705e-01
   1.1297039e+00  -1.4974510e-02
   1.2112873e+00   2.6180979e-01
   1.1148324e+00   7.3060201e-02
   1.4551999e+00  -4.5670941e-01
   1.5363508e+00  -4.7087071e-01
   1.6838655e+00  -4.5953125e-01
   1.2303019e+00   3.3499313e-01
   1.1313773e+00  -1.8685278e-01
   1.7623125e+00  -4.3962251e-01
   1.3744476e+00  -4.3986716e-01
   1.8606742e+00  -3.9299992e-01
   1.1387626e+00   2.3068958e-01
   1.2859778e+00  -4.1706012e-01
   1.6251647e+00  -4.9812033e-01
   1.1722198e+00  -3.2398877e-01
   1.0514138e+00  -4.8548542e-02
   1.0610207e+00   1.3766983e-01
   1.2099799e+00  -3.9304696e-01
   1.0577513e+00  -1.3121383e-01
   1.8369642e+00  -4.6750349e-01
   1.0359423e+00   3.5835772e-02
   1.1078020e+00  -2.8183685e-01
   1.1341189e+00   3.2409033e-01
   1.4273219e+00  -5.2891914e-01
   1.3294181e+00  -4.9554876e-01
   1.0651700e+00   2.2515727e-01
   1.7574627e+00  -5.2047190e-01
   1.5039975e+00  -5.4741927e-01
   1.5853042e+00  -5.5479686e-01
   1.1581700e+00   3.9698584e-01
   1.0449745e+00  -2.1792300e-01
   1.9296617e+00  -4.4668487e-01
   1.6929267e+00  -5.5897026e-01
   1.2296330e+00  -4.8387573e-01
   1.1020608e+00  -3.8630042e-01
   1.0553448e+00   3.1844269e-01
   1.3633312e+00  -5.7018621e-01
   9.6913694e-01   7.2484167e-02
   9.8237409e-01   1.6333330e-01
   1.1468680e+00  -4.5180472e-01
   9.6908690e-01  -1.1470371e-01
   1.8288298e+00  -5.6328564e-01
   9.5770174e-01  -3.2932744e-02
   1.8954577e+00  -5.3098932e-01
   1.0354670e+00  -3.1858783e-01
   1.2631709e+00  -5.5035005e-01
   1.6622670e+00  -6.2005214e-01
   1.5091160e+00  -6.2540849e-01
   1.4320426e+00  -6.2095008e-01
   9.6678951e-01  -2.0705942e-01
   1.5896268e+00  -6.3619924e-01
   9.7894438e-01   2.5401627e-01
   1.0612487e+00   4.0712836e-01
   1.7660272e+00  -6.1478610e-01
   1.9777368e+00  -5.2109747e-01
   1.1004299e+00   4.7544511e-01
   1.1596885e+00  -5.4353885e-01
   1.0343536e+00  -4.2234942e-01
   1.2992035e+00  -6.2178830e-01
   9.5996296e-01  -3.0299537e-01
   9.7622914e-01   3.4519258e-01
   8.8650639e-01   1.3787374e-02
   8.8921261e-01   1.1341828e-01
   1.0827948e+00  -5.1169548e-01
   1.3672216e+00  -6.7001855e-01
   1.7309192e+00  -6.8191422e-01
   1.8982467e+00  -6.2928677e-01
   8.9656377e-01   2.0428826e-01
   8.8629497e-01  -1.7651305e-01
   1.1934444e+00  -6.1057738e-01
   8.6990139e-01  -8.6376588e-02
   1.8323374e+00  -6.6332574e-01
   1.5168843e+00  -7.0727671e-01
   1.9674455e+00  -6.0514610e-01
   1.5954530e+00  -7.1669437e-01
   1.4405681e+00  -7.0744356e-01
   9.5603576e-01  -3.9653916e-01
   9.9874564e-01   4.6171249e-01
   1.6696215e+00  -7.1461081e-01
   1.0721550e+00   5.5932052e-01
   8.9280098e-01   3.0063869e-01
   8.7898713e-01  -2.7540504e-01
   1.2444283e+00  -6.7585892e-01
   9.9933705e-01  -5.0501825e-01
   9.3274706e-01   4.2258928e-01
   1.0662090e+00  -5.9362624e-01
   1.3185736e+00  -7.2944613e-01
   1.7913355e+00  -7.3972153e-01
   8.0539194e-01   4.5510581e-02
   2.0395690e+00  -6.3396903e-01
   1.1225312e+00  -6.5093058e-01
   9.9911913e-01   5.5208042e-01
   8.6777240e-01  -3.6960067e-01
   8.0279326e-01   1.4922775e-01
   7.8991920e-01  -5.6816292e-02
   1.9466962e+00  -7.0611442e-01
   1.8754599e+00  -7.3952576e-01
   7.9665822e-01  -1.6982745e-01
   9.1177729e-01  -4.7124308e-01
   8.1007238e-01   2.4793848e-01
   8.5458415e-01   3.7702651e-01
   1.3767055e+00  -7.7760383e-01
   1.1761396e+00  -7.2186264e-01
   9.6452069e-01  -5.7934548e-01
   1.2487672e+00  -7.6926867e-01
   9.1861429e-01   5.4820135e-01
   2.0130507e+00  -7.2289762e-01
   1.0142488e+00  -6.5870416e-01
   8.6696365e-01   4.9382455e-01
   9.8400943e-01   6.4593791e-01
   2.1027821e+00  -6.9029110e-01
   1.0829917e+00  -7.2606014e-01
   8.8043829e-01  -5.5667672e-01
   9.2093087e-01  -6.6432034e-01
   8.9989722e-01   6.4726420e-01
   9.8725992e-01  -7.4153305e-01
   2.1401414e+00  -7.8083136e-01
   1.5595650e+00   3.1025479e+00
   1.4932386e+00   3.1328517e+00
   1.6073008e+00   3.0438548e+00
   1.4663242e+00  -3.0817140e+00
   1.5253544e+00   3.0166021e+00
   1.4613771e+00   3.0524026e+00
   1.4072434e+00   3.1137251e+00
   1.6601109e+00   2.9845876e+00
   1.5681276e+00   2.9557637e+00
   1.3820738e+00  -3.0947929e+00
   1.4040778e+00  -3.0192142e+00
   1.4235449e+00   2.9830460e+00
   1.4813997e+00   2.9327494e+00
   1.3610540e+00   3.0516199e+00
   1.6497688e+00   2.9166871e+00
   1.3143588e+00   3.1322045e+00
   1.5604446e+00   2.8821096e+00
   1.7481241e+00   2.9433393e+00
   1.2997521e+00  -3.0688992e+00
   1.3683636e+00   2.9399574e+00
   1.3193877e+00  -2.9963115e+00
   1.3079649e+00   3.0122524e+00
   1.4626437e+00   2.8656413e+00
   1.6780061e+00   2.8485729e+00
   1.2552511e+00   3.0995757e+00
   1.6006351e+00   2.8214401e+00
   1.7538114e+00   2.8755010e+00
   1.3907978e+00   2.8556952e+00
   1.5165365e+00   2.8037241e+00
   1.2938497e+00  -2.9235438e+00
   1.2251308e+00  -3.0574845e+00
   1.3112695e+00   2.8940548e+00
   1.2542222e+00   2.9596146e+00
   1.2129755e+00   3.0355545e+00
   1.1976552e+00  -3.1261664e+00
   1.2270010e+00  -2.9692923e+00
   1.7106828e+00   2.7769372e+00
   1.8328875e+00   2.8484284e+00
   1.4640086e+00   2.7604064e+00
   1.6362558e+00   2.7477279e+00
   1.3852636e+00   2.7815336e+00
   1.5639490e+00   2.7302333e+00
   1.7848807e+00   2.7854120e+00
   1.3067081e+00   2.7979345e+00
   1.2469921e+00   2.8473113e+00
   1.1441630e+00   3.0423068e+00
   1.1920343e+00   2.9172324e+00
   1.1550162e+00  -2.9989256e+00
   1.1297039e+00   3.1266181e+00
   1.2112873e+00  -2.8797829e+00
   1.1148324e+00  -3.0685325e+00
   1.4551999e+00   2.6848832e+00
   1.5363508e+00   2.6707219e+00
   1.6838655e+00   2.6820614e+00
   1.2303019e+00  -2.8065995e+00
   1.1313773e+00   2.9547399e+00
   1.7623125e+00   2.7019701e+00
   1.3744476e+00   2.7017255e+00
   1.8606742e+00   2.7485927e+00
   1.1387626e+00  -2.9109031e+00
   1.2859778e+00   2.7245325e+00
   1.6251647e+00   2.6434723e+00
   1.1722198e+00   2.8176039e+00
   1.0514138e+00   3.0930441e+00
   1.0610207e+00  -3.0039228e+00
   1.2099799e+00   2.7485457e+00
   1.0577513e+00   3.0103788e+00
   1.8369642e+00   2.6740892e+00
   1.0359423e+00  -3.1057569e+00
   1.1078020e+00   2.8597558e+00
   1.1341189e+00  -2.8175023e+00
   1.4273219e+00   2.6126735e+00
   1.3294181e+00   2.6460439e+00
   1.0651700e+00  -2.9164354e+00
   1.7574627e+00   2.6211207e+00
   1.5039975e+00   2.5941734e+00
   1.5853042e+00   2.5867958e+00
   1.1581700e+00  -2.7446068e+00
   1.0449745e+00   2.9236697e+00
   1.9296617e+00   2.6949078e+00
   1.6929267e+00   2.5826224e+00
   1.2296330e+00   2.6577169e+00
   1.1020608e+00   2.7552922e+00
   1.0553448e+00  -2.8231500e+00
   1.3633312e+00   2.5714064e+00
   9.6913694e-01  -3.0691085e+00
   9.8237409e-01  -2.9782594e+00
   1.1468680e+00   2.6897879e+00
   9.6908690e-01   3.0268889e+00
   1.8288298e+00   2.5783070e+00
   9.5770174e-01   3.1086599e+00
   1.8954577e+00   2.6106033e+00
   1.0354670e+00   2.8230048e+00
   1.2631709e+00   2.5912426e+00
   1.6622670e+00   2.5215405e+00
   1.5091160e+00   2.5161842e+00
   1.4320426e+00   2.5206426e+00
   9.6678951e-01   2.9345332e+00
   1.5896268e+00   2.5053934e+00
   9.7894438e-01  -2.8875764e+00
   1.0612487e+00  -2.7344643e+00
   1.7660272e+00   2.5268066e+00
   1.9777368e+00   2.6204952e+00
   1.1004299e+00  -2.6661475e+00
   1.1596885e+00   2.5980538e+00
   1.0343536e+00   2.7192432e+00
   1.2992035e+00   2.5198043e+00
   9.5996296e-01   2.8385973e+00
   9.7622914e-01  -2.7964001e+00
   8.8650639e-01  -3.1278053e+00
   8.8921261e-01  -3.0281744e+00
   1.0827948e+00   2.6298972e+00
   1.3672216e+00   2.4715741e+00
   1.7309192e+00   2.4596784e+00
   1.8982467e+00   2.5123059e+00
   8.9656377e-01  -2.9373044e+00
   8.8629497e-01   2.9650796e+00
   1.1934444e+00   2.5310153e+00
   8.6990139e-01   3.0552161e+00
   1.8323374e+00   2.4782669e+00
   1.5168843e+00   2.4343159e+00
   1.9674455e+00   2.5364466e+00
   1.5954530e+00   2.4248983e+00
   1.4405681e+00   2.4341491e+00
   9.5603576e-01   2.7450535e+00
   9.9874564e-01  -2.6798802e+00
   1.6696215e+00   2.4269818e+00
   1.0721550e+00  -2.5822721e+00
   8.9280098e-01  -2.8409540e+00
   8.7898713e-01   2.8661876e+00
   1.2444283e+00   2.4657337e+00
   9.9933705e-01   2.6365744e+00
   9.3274706e-01  -2.7190034e+00
   1.0662090e+00   2.5479664e+00
   1.3185736e+00   2.4121465e+00
   1.7913355e+00   2.4018711e+00
   8.0539194e-01  -3.0960821e+00
   2.0395690e+00   2.5076236e+00
   1.1225312e+00   2.4906621e+00
   9.9911913e-01  -2.5895122e+00
   8.6777240e-01   2.7719920e+00
   8.0279326e-01  -2.9923649e+00
   7.8991920e-01   3.0847764e+00
   1.9466962e+00   2.4354782e+00
   1.8754599e+00   2.4020669e+00
   7.9665822e-01   2.9717652e+00
   9.1177729e-01   2.6703496e+00
   8.1007238e-01  -2.8936542e+00
   8.5458415e-01  -2.7645661e+00
   1.3767055e+00   2.3639888e+00
   1.1761396e+00   2.4197300e+00
   9.6452069e-01   2.5622472e+00
   1.2487672e+00   2.3723240e+00
   9.1861429e-01  -2.5933913e+00
   2.0130507e+00   2.4186950e+00
   1.0142488e+00   2.4828885e+00
   8.6696365e-01  -2.6477681e+00
   9.8400943e-01  -2.4956547e+00
   2.1027821e+00   2.4513015e+00
   1.0829917e+00   2.4155325e+00
   8.8043829e-01   2.5849159e+00
   9.2093087e-01   2.4772723e+00
   8.9989722e-01  -2.4943285e+00
   9.8725992e-01   2.4000596e+00
   2.1401414e+00   2.3607613e+00
   1.5820277e+00  -3.1025479e+00
   1.6483540e+00  -3.1328517e+00
   1.5342918e+00  -3.0438548e+00
   1.6752684e+00   3.0817140e+00
   1.6162383e+00  -3.0166021e+00
   1.6802156e+00  -3.0524026e+00
   1.7343493e+00  -3.1137251e+00
   1.4814818e+00  -2.9845876e+00
   1.5734651e+00  -2.9557637e+00
   1.7595188e+00   3.0947929e+00
   1.7375148e+00   3.0192142e+00
   1.7180477e+00  -2.9830460e+00
   1.6601930e+00  -2.9327494e+00
   1.7805387e+00  -3.0516199e+00
   1.4918238e+00  -2.9166871e+00
   1.8272339e+00  -3.1322045e+00
   1.5811481e+00  -2.8821096e+00
   1.3934686e+00  -2.9433393e+00
   1.8418405e+00   3.0688992e+00
   1.7732291e+00  -2.9399574e+00
   1.8222050e+00   2.9963115e+00
   1.8336278e+00  -3.0122524e+00
   1.6789489e+00  -2.8656413e+00
   1.4635865e+00  -2.8485729e+00
   1.8863416e+00  -3.0995757e+00
   1.5409576e+00  -2.8214401e+00
   1.3877813e+00  -2.8755010e+00
   1.7507949e+00  -2.8556952e+00
   1.6250562e+00  -2.8037241e+00
   1.8477429e+00   2.9235438e+00
   1.9164619e+00   3.0574845e+00
   1.8303231e+00  -2.8940548e+00
   1.8873704e+00  -2.9596146e+00
   1.9286172e+00  -3.0355545e+00
   1.9439375e+00   3.1261664e+00
   1.9145916e+00   2.9692923e+00
   1.4309098e+00  -2.7769372e+00
   1.3087051e+00  -2.8484284e+00
   1.6775841e+00  -2.7604064e+00
   1.5053369e+00  -2.7477279e+00
   1.7563290e+00  -2.7815336e+00
   1.5776437e+00  -2.7302333e+00
   1.3567120e+00  -2.7854120e+00
   1.8348845e+00  -2.7979345e+00
   1.8946005e+00  -2.8473113e+00
   1.9974296e+00  -3.0423068e+00
   1.9495583e+00  -2.9172324e+00
   1.9865765e+00   2.9989256e+00
   2.0118887e+00  -3.1266181e+00
   1.9303053e+00   2.8797829e+00
   2.0267603e+00   3.0685325e+00
   1.6863928e+00  -2.6848832e+00
   1.6052419e+00  -2.6707219e+00
   1.4577272e+00  -2.6820614e+00
   1.9112907e+00   2.8065995e+00
   2.0102154e+00  -2.9547399e+00
   1.3792802e+00  -2.7019701e+00
   1.7671450e+00  -2.7017255e+00
   1.2809184e+00  -2.7485927e+00
   2.0028301e+00   2.9109031e+00
   1.8556149e+00  -2.7245325e+00
   1.5164280e+00  -2.6434723e+00
   1.9693729e+00  -2.8176039e+00
   2.0901788e+00  -3.0930441e+00
   2.0805720e+00   3.0039228e+00
   1.9316128e+00  -2.7485457e+00
   2.0838413e+00  -3.0103788e+00
   1.3046285e+00  -2.6740892e+00
   2.1056503e+00   3.1057569e+00
   2.0337907e+00  -2.8597558e+00
   2.0074738e+00   2.8175023e+00
   1.7142708e+00  -2.6126735e+00
   1.8121746e+00  -2.6460439e+00
   2.0764227e+00   2.9164354e+00
   1.3841300e+00  -2.6211207e+00
   1.6375952e+00  -2.5941734e+00
   1.5562885e+00  -2.5867958e+00
   1.9834227e+00   2.7446068e+00
   2.0966181e+00  -2.9236697e+00
   1.2119309e+00  -2.6949078e+00
   1.4486659e+00  -2.5826224e+00
   1.9119597e+00  -2.6577169e+00
   2.0395319e+00  -2.7552922e+00
   2.0862478e+00   2.8231500e+00
   1.7782614e+00  -2.5714064e+00
   2.1724557e+00   3.0691085e+00
   2.1592186e+00   2.9782594e+00
   1.9947246e+00  -2.6897879e+00
   2.1725058e+00  -3.0268889e+00
   1.3127628e+00  -2.5783070e+00
   2.1838909e+00  -3.1086599e+00
   1.2461349e+00  -2.6106033e+00
   2.1061257e+00  -2.8230048e+00
   1.8784218e+00  -2.5912426e+00
   1.4793256e+00  -2.5215405e+00
   1.6324766e+00  -2.5161842e+00
   1.7095501e+00  -2.5206426e+00
   2.1748031e+00  -2.9345332e+00
   1.5519658e+00  -2.5053934e+00
   2.1626483e+00   2.8875764e+00
   2.0803440e+00   2.7344643e+00
   1.3755655e+00  -2.5268066e+00
   1.1638559e+00  -2.6204952e+00
   2.0411628e+00   2.6661475e+00
   1.9819041e+00  -2.5980538e+00
   2.1072390e+00  -2.7192432e+00
   1.8423892e+00  -2.5198043e+00
   2.1816297e+00  -2.8385973e+00
   2.1653635e+00   2.7964001e+00
   2.2550863e+00   3.1278053e+00
   2.2523800e+00   3.0281744e+00
   2.0587978e+00  -2.6298972e+00
   1.7743710e+00  -2.4715741e+00
   1.4106735e+00  -2.4596784e+00
   1.2433459e+00  -2.5123059e+00
   2.2450289e+00   2.9373044e+00
   2.2552977e+00  -2.9650796e+00
   1.9481482e+00  -2.5310153e+00
   2.2716913e+00  -3.0552161e+00
   1.3092553e+00  -2.4782669e+00
   1.6247083e+00  -2.4343159e+00
   1.1741472e+00  -2.5364466e+00
   1.5461397e+00  -2.4248983e+00
   1.7010245e+00  -2.4341491e+00
   2.1855569e+00  -2.7450535e+00
   2.1428470e+00   2.6798802e+00
   1.4719712e+00  -2.4269818e+00
   2.0694376e+00   2.5822721e+00
   2.2487917e+00   2.8409540e+00
   2.2626055e+00  -2.8661876e+00
   1.8971644e+00  -2.4657337e+00
   2.1422556e+00  -2.6365744e+00
   2.2088456e+00   2.7190034e+00
   2.0753837e+00  -2.5479664e+00
   1.8230191e+00  -2.4121465e+00
   1.3502571e+00  -2.4018711e+00
   2.3362007e+00   3.0960821e+00
   1.1020237e+00  -2.5076236e+00
   2.0190615e+00  -2.4906621e+00
   2.1424735e+00   2.5895122e+00
   2.2738203e+00  -2.7719920e+00
   2.3387994e+00   2.9923649e+00
   2.3516735e+00  -3.0847764e+00
   1.1948965e+00  -2.4354782e+00
   1.2661328e+00  -2.4020669e+00
   2.3449344e+00  -2.9717652e+00
   2.2298154e+00  -2.6703496e+00
   2.3315203e+00   2.8936542e+00
   2.2870085e+00   2.7645661e+00
   1.7648871e+00  -2.3639888e+00
   1.9654530e+00  -2.4197300e+00
   2.1770720e+00  -2.5622472e+00
   1.8928254e+00  -2.3723240e+00
   2.2229784e+00   2.5933913e+00
   1.1285420e+00  -2.4186950e+00
   2.1273439e+00  -2.4828885e+00
   2.2746290e+00   2.6477681e+00
   2.1575832e+00   2.4956547e+00
   1.0388105e+00  -2.4513015e+00
   2.0586010e+00  -2.4155325e+00
   2.2611544e+00  -2.5849159e+00
   2.2206618e+00  -2.4772723e+00
   2.2416954e+00   2.4943285e+00
   2.1543327e+00  -2.4000596e+00
   1.0014513e+00  -2.3607613e+00
