   6.2763482e-01   6.3997548e-01
   1.4489663e+00   2.0828868e+00
   2.4921128e+00   1.8082742e+00
   7.9474182e-01  -2.1488280e+00
   1.7516972e+00  -4.9905564e-01
   2.6561610e+00  -2.9638264e+00
   6.9555813e-01  -2.5265633e+00
   1.4783107e+00  -2.6028621e-01
   1.5475454e+00   1.1171281e+00
   2.6231968e+00  -1.0056843e+00
   1.4202402e+00  -1.3944892e+00
   2.7667418e+00  -2.7243206e+00
   1.2852061e+00  -2.8272484e-01
   1.3925833e+00   8.0298199e-01
   8.8058328e-01   3.2761227e-01
   1.2065674e+00   3.9792186e-01
   1.5922036e+00   3.4888393e-01
   1.0535834e+00  -1.5906333e+00
   1.7410172e+00  -6.5429349e-01
   1.9929627e+00   1.3639526e+00
   2.2167547e+00   2.0785725e+00
   1.2923031e+00   1.7340707e-01
   5.9347752e-01  -1.9704557e+00
   7.2964924e-01  -2.8956758e+00
   2.0332206e+00  -2.6613659e+00
   5.9992907e-01   3.4802903e-01
   6.1090253e-01   6.1332758e-02
   1.6019442e+00  -2.4621039e+00
   2.2532479e+00  -4.3600961e-01
   1.4461526e+00   2.4352877e+00
   2.6509318e+00  -6.4341244e-01
   7.3810821e-01   2.5200532e+00
   8.0392874e-01   3.0693550e+00
   2.1681960e+00   5.4764181e-01
   1.6779056e+00  -2.8628405e-01
   1.7876331e+00   1.3973877e+00
   9.7502656e-01   2.7835776e+00
   2.9881323e-01   2.1501772e+00
   1.3485253e+00   2.4205857e-01
   1.2481386e+00  -1.9093099e+00
   1.2071624e+00   2.3096729e-01
   1.2131074e+00   2.8895309e+00
   2.2374226e+00  -1.1862339e+00
   2.5631293e+00   1.7929028e-01
   1.0752748e+00   7.3046939e-01
   1.4552861e+00   4.4261829e-01
   2.1243518e+00  -2.2899436e+00
   2.2015931e+00  -2.2340715e+00
   2.1936578e+00  -5.8489462e-01
   9.3159447e-01  -1.4735727e+00
   2.5538515e+00  -2.5965318e+00
   2.3150730e+00  -1.5767288e+00
   3.0409858e+00   2.2299723e+00
   1.1014384e+00  -2.2026576e+00
   1.0115348e+00  -2.4996305e+00
   9.6011351e-01  -4.4119416e-01
   2.4089716e+00   2.0660915e+00
   1.8082375e+00  -2.2672633e+00
   8.6516863e-01  -1.2118738e-01
   1.5241385e+00  -1.3116372e+00
   1.8507066e+00  -2.7580390e+00
   1.5951033e+00  -2.9237583e+00
   2.6046487e+00   1.6563438e+00
   1.4720474e+00   2.0713713e-01
   6.0744293e-01  -7.6797854e-01
   1.6952150e+00   2.3677685e+00
   2.2501054e+00   4.3912930e-02
   2.5196400e+00  -9.2802531e-01
   1.4462706e+00  -1.9782641e+00
   2.7394324e+00  -1.4018800e+00
   2.6379792e+00   1.8643853e+00
   1.4031366e+00  -1.1658910e+00
   1.5286901e+00  -1.7257840e+00
   2.0352315e+00   6.3492273e-02
   1.6161683e+00   1.2414552e+00
   1.8521419e+00   1.5512670e+00
   1.4605069e+00  -2.4469108e-03
   1.0266069e+00   1.7789080e-01
   1.8703557e+00  -1.8112561e+00
   1.0979008e+00   1.0094807e+00
   2.4567693e+00  -2.5716469e+00
   2.3545884e+00  -3.2103168e-01
   1.5024459e+00   5.5263940e-01
   1.2347987e+00   1.1235863e+00
   1.7618445e+00  -2.4408444e+00
   1.3548935e+00  -2.0622570e+00
   1.4711472e-01   4.7741224e-01
   2.0089425e+00  -2.1612034e+00
   2.7718950e+00  -1.9666489e+00
   1.0235365e+00   9.7754147e-01
   2.4653505e+00  -8.8058414e-01
   5.4487024e-01   2.1299604e+00
   1.8559153e+00  -2.5582853e+00
   2.2534401e+00  -2.5396708e+00
   2.5724493e+00  -2.2459086e+00
   1.6058146e+00  -1.7570122e+00
   2.2792065e+00   2.6135704e+00
   2.3273703e+00   3.8783030e-01
   2.7531811e+00  -2.2101829e-01
   2.4501832e+00   4.1472974e-01
   1.7017310e+00   2.5554125e+00
   1.4835015e+00  -1.8924583e+00
   2.1778305e+00   2.8966943e+00
   4.9122380e-01  -1.1010129e+00
   1.5906679e+00   2.7350448e+00
   1.3720066e+00  -1.4676773e+00
   1.5263558e+00  -1.5881835e+00
   1.4934460e+00  -2.3090162e+00
   1.7293218e-01   8.6595917e-01
   1.6710077e+00   9.3016789e-01
   1.3386851e+00  -9.4821913e-01
   1.2599850e+00   1.3606256e+00
   8.1202641e-01  -2.6720634e+00
   2.5105379e+00   1.0385734e+00
   9.7197440e-01  -3.1162621e+00
   2.1964567e+00   2.4064019e+00
   1.0566510e+00   1.2844706e+00
   1.9290942e+00   1.0437697e+00
   2.6164667e+00   2.8967365e+00
   2.1991318e+00  -1.7475781e+00
   9.3012011e-01   2.0787562e+00
   1.0806139e+00  -2.0536972e-01
   1.4881946e+00  -2.0497022e+00
   1.1920688e+00   2.1691795e+00
   1.3116482e+00   9.5690115e-02
   2.6873704e+00   5.3011875e-02
   1.1390547e+00  -1.2743258e+00
   2.3133453e-01   7.1309674e-01
   1.4218640e+00  -1.9160819e+00
   1.2998185e+00   2.9672860e-01
   2.3575097e+00   2.5374393e-01
   1.8215461e+00   7.1717220e-01
   1.9412975e+00   3.9213259e-01
   1.9195969e+00  -2.2779168e-02
   5.1755867e-01   1.6056509e+00
   9.2754151e-01  -2.1332520e-01
   2.6742284e+00  -1.1419529e+00
   2.3430786e+00  -2.1436524e+00
   1.7374583e+00   2.8251295e-01
   1.0295845e+00   1.8274967e+00
   1.4077925e+00   2.2852948e+00
   1.1445454e+00  -2.6295493e+00
   1.7645553e+00   9.9934171e-01
   1.6059624e+00   9.6077781e-01
   8.9169934e-01  -3.1015598e+00
   1.2368891e+00  -7.3093740e-01
   2.2705013e+00   2.9783642e+00
   1.2841970e+00  -1.1668792e+00
   1.9734000e+00   2.2075505e+00
   1.6227920e+00   2.3734202e+00
   2.0158374e+00  -6.7282569e-01
   1.2861988e+00  -1.1161669e-01
   2.8647984e+00  -9.0637907e-01
   1.8650702e+00   2.5150451e+00
   1.8197014e+00   1.7378758e+00
   1.8067855e+00   2.2871841e-01
   4.6331939e-01   2.3528089e+00
   1.7864135e+00   3.7267043e-01
   1.8065914e+00   2.7732454e+00
   7.5465002e-01  -1.1258617e+00
   1.6684519e+00  -9.9970622e-01
   2.1981035e+00   6.2772791e-01
   2.0102584e+00   1.2770147e-01
   8.7628546e-01  -2.3880892e+00
   8.8105279e-01  -2.2712347e+00
   1.1057862e+00  -7.1109448e-01
   6.4552837e-01   1.4409378e+00
   1.2791988e+00  -2.0886693e+00
   7.4429578e-01  -1.5772378e+00
   1.6502753e+00  -1.6325447e+00
   7.6747330e-01   2.4320994e+00
   1.0384643e+00   2.4782341e+00
   1.2133975e+00   6.5872105e-01
   2.1999334e+00  -1.9748632e+00
   7.2937573e-01  -2.7808561e+00
   1.4786432e+00   7.0926366e-01
   2.6323268e-01   1.8022188e-01
   1.2028995e+00  -2.8410051e+00
   1.3530274e+00  -3.1166975e+00
   2.1055648e+00  -1.6216154e+00
   1.7769098e+00   1.0089148e-01
   1.1630910e+00   1.1071400e+00
   2.3370949e+00  -2.9684866e+00
   1.6049566e+00  -6.7978054e-01
   1.0856320e+00  -1.1649533e+00
   4.2505048e-01   2.8356437e+00
   1.1746820e+00  -1.4994118e+00
   2.0509822e+00  -1.7289198e+00
   4.3646539e-01   4.0579352e-01
   1.6056121e-01   2.8751553e+00
   1.6275555e+00  -4.6524336e-01
   2.8092536e+00  -1.3947315e-01
   2.8595881e+00  -1.5033304e+00
   1.5683643e+00   1.1028979e-01
   1.7227732e+00   5.5126093e-01
   3.8185099e-01  -2.2276495e+00
   2.4243922e+00   7.6558445e-01
   1.2224883e+00  -2.1731375e+00
   1.3454104e+00  -8.1000262e-01
   2.1219963e+00   8.0256961e-02
   2.5891365e+00   6.7934685e-01
   8.8529870e-01  -2.8937630e+00
   5.3321823e-01   2.7065419e+00
   1.6382004e+00   1.4399323e+00
   7.1933410e-01  -2.4419957e+00
   1.2308983e+00  -1.7191229e+00
   2.3575075e+00   8.2840356e-01
   1.0671611e+00  -1.0984429e+00
   2.0256917e+00   1.8818650e+00
   1.0139034e+00  -2.8038735e+00
   1.1159321e+00  -2.3630384e+00
   1.1365867e+00  -1.9511654e+00
   1.8944238e-01  -2.9545833e+00
   1.9634094e+00  -2.3602845e+00
   1.8493964e+00  -7.9514277e-01
   1.4876767e+00  -1.1909406e+00
   1.8306361e+00  -9.2248730e-01
   2.1513031e+00  -2.9848123e+00
   3.3289946e-01   2.8715283e+00
   1.7712777e+00  -2.5202925e+00
   1.1366856e+00   1.3331975e+00
   1.9772592e+00  -3.1199581e+00
   2.2362998e-01   1.0984064e+00
   4.7718718e-02   1.9434925e+00
   7.4150032e-01   3.0269297e+00
   1.7022444e+00   1.4581010e+00
   2.4942648e+00  -1.6666487e-01
   6.5902001e-01   3.8510896e-01
   2.7683104e+00   9.9478800e-01
   1.2362431e+00   2.3255873e+00
   2.1041093e+00  -1.2157044e+00
   1.5498740e+00   2.5426213e+00
   2.1456082e+00  -2.3693162e+00
   2.5594108e+00   1.1071168e+00
   1.0803441e+00   2.7327549e+00
   2.0787252e+00   1.7103369e+00
   1.7135547e+00   6.3582303e-01
   1.9713621e+00  -2.4351632e+00
   5.2821683e-01  -1.2057633e+00
   2.0479327e+00  -9.3015452e-02
   2.1216197e+00  -2.6927562e+00
   2.7587740e-01  -1.9167014e+00
   1.1172598e+00   1.5966627e+00
   1.3022412e+00  -4.4893936e-01
   1.3965042e+00  -1.7236866e+00
   1.9121030e+00  -1.5812331e-01
   3.9912221e-01  -2.3817626e+00
   8.1816189e-01   1.8161235e+00
   7.5233152e-01   2.7699864e+00
   5.3279146e-01   2.3480453e+00
   3.4951327e-01   1.5082465e+00
   1.5880383e+00  -2.0880938e+00
   6.7291162e-01  -1.2955393e+00
   1.3823418e+00   1.1405191e+00
   1.9695500e+00   8.5897843e-01
   3.2687229e-01   2.5986436e+00
   1.7901570e+00  -2.5855568e+00
   2.2738536e+00  -2.9272276e+00
   2.4877351e+00  -7.4742231e-01
   1.0113284e+00   2.9124052e+00
   9.6120988e-01   3.0986968e+00
   2.4615037e+00  -1.5212535e+00
   7.9058903e-01  -4.7923758e-01
   2.4262419e+00   1.7614982e+00
   1.1842496e+00  -3.1016051e-01
   2.1496299e+00   2.6544964e+00
   2.3720224e+00   3.0668317e+00
   7.8712407e-01   6.5324152e-01
   3.0514843e-01  -1.2069911e+00
   1.4014882e+00   1.3507628e+00
   2.4578830e+00   2.6645326e+00
   1.7326807e+00   2.8893188e+00
   3.2714662e-01   2.3267929e+00
   1.8911987e+00  -1.9114365e+00
   4.2801289e-01   2.6000439e+00
   2.7071594e+00   2.5531766e+00
   1.2715106e+00  -8.6701719e-01
   1.0027645e+00   1.1592369e-01
   8.5625630e-01   2.2516539e+00
   4.5647552e-01   1.8353433e+00
   2.1656253e+00  -8.8313179e-01
   2.0911812e+00  -8.2334575e-01
   8.2684759e-01  -6.5536403e-01
   1.4928112e+00  -2.2122661e+00
   2.0647784e+00  -3.3261650e-01
   1.5751601e+00  -8.2651089e-01
   1.6323495e+00   7.9630115e-02
   2.1255976e+00  -2.1319114e+00
   2.3170592e+00  -2.3783624e+00
   7.3652597e-01  -2.5937914e+00
   1.8942939e+00   6.6955898e-01
   2.2440239e+00  -1.2652020e+00
   7.1419342e-01  -3.0006353e+00
   1.3119257e+00  -1.6190636e+00
   2.6708876e+00  -9.1577771e-01
   2.9224278e+00  -1.4587729e+00
   1.6145155e+00   5.3533510e-01
   2.2916630e-01   2.0197176e+00
   1.1477238e+00  -2.6917286e+00
   2.3598891e+00   1.3937194e+00
   6.8050198e-01   5.4309108e-02
   1.2140433e+00  -5.2093401e-01
   1.9749243e+00  -1.7062965e+00
   1.5049476e+00  -3.9702287e-01
   1.7109118e+00   4.8534773e-01
   1.1718930e+00  -1.7528944e+00
   1.7256456e+00  -1.6134127e+00
   4.6844112e-01   1.2597908e-01
   1.2418069e+00   1.5228512e+00
   1.5520349e+00   1.2893999e+00
   1.1031649e-01  -3.1195000e+00
   5.6973131e-01   2.8571053e+00
   1.8003507e+00  -1.2629060e+00
   1.0771021e+00   2.1144066e+00
   2.1324084e+00  -4.1506314e-01
   8.3381218e-01  -3.0658019e-01
   5.5641386e-01   1.7004750e+00
   1.1502385e+00   1.9403339e+00
   2.4195435e+00  -1.2793821e+00
   2.0498707e+00  -1.8146113e+00
   1.4402311e+00   3.0736091e+00
   2.0991512e+00  -1.0572726e+00
   1.7105795e+00  -3.4338327e-01
   1.0730875e+00   2.2045766e+00
   1.1609267e+00  -5.5412088e-01
   1.8493344e+00   2.6669944e+00
   2.4996756e+00  -1.0817562e+00
   2.2646974e+00  -6.0832585e-01
   1.9143243e+00  -4.6318406e-01
   1.7568967e+00  -1.5351626e+00
   2.2862650e+00   5.3158937e-01
   8.3228917e-01   3.8105427e-01
   1.1923186e+00  -8.9466535e-02
   9.4767932e-01   3.2191761e-01
   2.5426445e+00   1.3370909e+00
   1.8911897e+00  -1.6627846e+00
   2.4928369e+00   3.3587679e-01
   1.3556015e+00  -2.6965082e+00
   2.7345865e+00   1.5205802e+00
   1.4697151e+00  -1.7706198e+00
   1.5881663e+00  -1.6152436e+00
   2.3062991e+00  -1.6751989e+00
   1.4590772e+00   3.0093152e+00
   9.3390295e-01   1.4460322e+00
   9.6733858e-01  -1.8539411e+00
   1.3708357e+00   1.8881452e+00
   2.2746371e+00  -2.6963276e+00
   1.2667390e+00   5.6194155e-01
   2.5423008e+00  -3.1044943e+00
   2.2158070e+00   7.4826352e-01
   1.3223327e+00   2.1029282e+00
   6.2763482e-01  -9.3082085e-01
   1.4489663e+00   5.1209043e-01
   2.4921128e+00   2.3747789e-01
   7.9474182e-01   2.5635610e+00
   1.7516972e+00  -2.0698520e+00
   2.6561610e+00   1.7485625e+00
   6.9555813e-01   2.1858257e+00
   1.4783107e+00  -1.8310825e+00
   1.5475454e+00  -4.5366827e-01
   2.6231968e+00  -2.5764806e+00
   1.4202402e+00  -2.9652855e+00
   2.7667418e+00   1.9880684e+00
   1.2852061e+00  -1.8535212e+00
   1.3925833e+00  -7.6781434e-01
   8.8058328e-01  -1.2431841e+00
   1.2065674e+00  -1.1728745e+00
   1.5922036e+00  -1.2219124e+00
   1.0535834e+00   3.1217557e+00
   1.7410172e+00  -2.2250898e+00
   1.9929627e+00  -2.0684374e-01
   2.2167547e+00   5.0777614e-01
   1.2923031e+00  -1.3973893e+00
   5.9347752e-01   2.7419333e+00
   7.2964924e-01   1.8167132e+00
   2.0332206e+00   2.0510230e+00
   5.9992907e-01  -1.2227673e+00
   6.1090253e-01  -1.5094636e+00
   1.6019442e+00   2.2502851e+00
   2.2532479e+00  -2.0068059e+00
   1.4461526e+00   8.6449139e-01
   2.6509318e+00  -2.2142088e+00
   7.3810821e-01   9.4925685e-01
   8.0392874e-01   1.4985586e+00
   2.1681960e+00  -1.0231545e+00
   1.6779056e+00  -1.8570804e+00
   1.7876331e+00  -1.7340863e-01
   9.7502656e-01   1.2127813e+00
   2.9881323e-01   5.7938084e-01
   1.3485253e+00  -1.3287378e+00
   1.2481386e+00   2.8030791e+00
   1.2071624e+00  -1.3398290e+00
   1.2131074e+00   1.3187346e+00
   2.2374226e+00  -2.7570303e+00
   2.5631293e+00  -1.3915060e+00
   1.0752748e+00  -8.4032694e-01
   1.4552861e+00  -1.1281780e+00
   2.1243518e+00   2.4224454e+00
   2.2015931e+00   2.4783175e+00
   2.1936578e+00  -2.1556909e+00
   9.3159447e-01  -3.0443690e+00
   2.5538515e+00   2.1158572e+00
   2.3150730e+00   3.1356601e+00
   3.0409858e+00   6.5917593e-01
   1.1014384e+00   2.5097314e+00
   1.0115348e+00   2.2127584e+00
   9.6011351e-01  -2.0119905e+00
   2.4089716e+00   4.9529522e-01
   1.8082375e+00   2.4451257e+00
   8.6516863e-01  -1.6919837e+00
   1.5241385e+00  -2.8824335e+00
   1.8507066e+00   1.9543500e+00
   1.5951033e+00   1.7886306e+00
   2.6046487e+00   8.5547455e-02
   1.4720474e+00  -1.3636592e+00
   6.0744293e-01  -2.3387749e+00
   1.6952150e+00   7.9697219e-01
   2.2501054e+00  -1.5268834e+00
   2.5196400e+00  -2.4988216e+00
   1.4462706e+00   2.7341249e+00
   2.7394324e+00  -2.9726763e+00
   2.6379792e+00   2.9358895e-01
   1.4031366e+00  -2.7366874e+00
   1.5286901e+00   2.9866049e+00
   2.0352315e+00  -1.5073041e+00
   1.6161683e+00  -3.2934114e-01
   1.8521419e+00  -1.9529313e-02
   1.4605069e+00  -1.5732432e+00
   1.0266069e+00  -1.3929055e+00
   1.8703557e+00   2.9011329e+00
   1.0979008e+00  -5.6131566e-01
   2.4567693e+00   2.1407421e+00
   2.3545884e+00  -1.8918280e+00
   1.5024459e+00  -1.0181569e+00
   1.2347987e+00  -4.4721002e-01
   1.7618445e+00   2.2715446e+00
   1.3548935e+00   2.6501320e+00
   1.4711472e-01  -1.0933841e+00
   2.0089425e+00   2.5511856e+00
   2.7718950e+00   2.7457400e+00
   1.0235365e+00  -5.9325486e-01
   2.4653505e+00  -2.4513805e+00
   5.4487024e-01   5.5916405e-01
   1.8559153e+00   2.1541037e+00
   2.2534401e+00   2.1727182e+00
   2.5724493e+00   2.4664804e+00
   1.6058146e+00   2.9553768e+00
   2.2792065e+00   1.0427741e+00
   2.3273703e+00  -1.1829660e+00
   2.7531811e+00  -1.7918146e+00
   2.4501832e+00  -1.1560666e+00
   1.7017310e+00   9.8461619e-01
   1.4835015e+00   2.8199307e+00
   2.1778305e+00   1.3258980e+00
   4.9122380e-01  -2.6718093e+00
   1.5906679e+00   1.1642485e+00
   1.3720066e+00  -3.0384736e+00
   1.5263558e+00   3.1242055e+00
   1.4934460e+00   2.4033728e+00
   1.7293218e-01  -7.0483715e-01
   1.6710077e+00  -6.4062843e-01
   1.3386851e+00  -2.5190155e+00
   1.2599850e+00  -2.1017075e-01
   8.1202641e-01   2.0403256e+00
   2.5105379e+00  -5.3222296e-01
   9.7197440e-01   1.5961269e+00
   2.1964567e+00   8.3560562e-01
   1.0566510e+00  -2.8632570e-01
   1.2124985e+00  -1.0437697e+00
   5.2512594e-01  -2.8967365e+00
   9.4246084e-01   1.7475781e+00
   2.2114725e+00  -2.0787562e+00
   2.0609787e+00   2.0536972e-01
   1.6533980e+00   2.0497022e+00
   1.9495239e+00  -2.1691795e+00
   1.8299445e+00  -9.5690115e-02
   4.5422230e-01  -5.3011875e-02
   2.0025380e+00   1.2743258e+00
   2.9102581e+00  -7.1309674e-01
   1.7197286e+00   1.9160819e+00
   1.8417741e+00  -2.9672860e-01
   7.8408296e-01  -2.5374393e-01
   1.3200465e+00  -7.1717220e-01
   1.2002951e+00  -3.9213259e-01
   1.2219957e+00   2.2779168e-02
   2.6240340e+00  -1.6056509e+00
   2.2140511e+00   2.1332520e-01
   4.6736421e-01   1.1419529e+00
   7.9851402e-01   2.1436524e+00
   1.4041344e+00  -2.8251295e-01
   2.1120082e+00  -1.8274967e+00
   1.7338001e+00  -2.2852948e+00
   1.9970473e+00   2.6295493e+00
   1.3770373e+00  -9.9934171e-01
   1.5356302e+00  -9.6077781e-01
   2.2498933e+00   3.1015598e+00
   1.9047036e+00   7.3093740e-01
   8.7109138e-01  -2.9783642e+00
   1.8573957e+00   1.1668792e+00
   1.1681926e+00  -2.2075505e+00
   1.5188007e+00  -2.3734202e+00
   1.1257553e+00   6.7282569e-01
   1.8553938e+00   1.1161669e-01
   2.7679422e-01   9.0637907e-01
   1.2765224e+00  -2.5150451e+00
   1.3218912e+00  -1.7378758e+00
   1.3348071e+00  -2.2871841e-01
   2.6782733e+00  -2.3528089e+00
   1.3551792e+00  -3.7267043e-01
   1.3350013e+00  -2.7732454e+00
   2.3869426e+00   1.1258617e+00
   1.4731407e+00   9.9970622e-01
   9.4348912e-01  -6.2772791e-01
   1.1313342e+00  -1.2770147e-01
   2.2653072e+00   2.3880892e+00
   2.2605399e+00   2.2712347e+00
   2.0358065e+00   7.1109448e-01
   2.4960643e+00  -1.4409378e+00
   1.8623939e+00   2.0886693e+00
   2.3972969e+00   1.5772378e+00
   1.4913173e+00   1.6325447e+00
   2.3741193e+00  -2.4320994e+00
   2.1031284e+00  -2.4782341e+00
   1.9281952e+00  -6.5872105e-01
   9.4165926e-01   1.9748632e+00
   2.4122169e+00   2.7808561e+00
   1.6629495e+00  -7.0926366e-01
   2.8783600e+00  -1.8022188e-01
   1.9386932e+00   2.8410051e+00
   1.7885652e+00   3.1166975e+00
   1.0360279e+00   1.6216154e+00
   1.3646829e+00  -1.0089148e-01
   1.9785016e+00  -1.1071400e+00
   8.0449773e-01   2.9684866e+00
   1.5366361e+00   6.7978054e-01
   2.0559607e+00   1.1649533e+00
   2.7165422e+00  -2.8356437e+00
   1.9669107e+00   1.4994118e+00
   1.0906105e+00   1.7289198e+00
   2.7051273e+00  -4.0579352e-01
   2.9810314e+00  -2.8751553e+00
   1.5140372e+00   4.6524336e-01
   3.3233901e-01   1.3947315e-01
   2.8200459e-01   1.5033304e+00
   1.5732284e+00  -1.1028979e-01
   1.4188194e+00  -5.5126093e-01
   2.7597417e+00   2.2276495e+00
   7.1720043e-01  -7.6558445e-01
   1.9191044e+00   2.1731375e+00
   1.7961823e+00   8.1000262e-01
   1.0195964e+00  -8.0256961e-02
   5.5245615e-01  -6.7934685e-01
   2.2562940e+00   2.8937630e+00
   2.6083744e+00  -2.7065419e+00
   1.5033923e+00  -1.4399323e+00
   2.4222586e+00   2.4419957e+00
   1.9106943e+00   1.7191229e+00
   7.8408517e-01  -8.2840356e-01
   2.0744316e+00   1.0984429e+00
   1.1159009e+00  -1.8818650e+00
   2.1276892e+00   2.8038735e+00
   2.0256605e+00   2.3630384e+00
   2.0050059e+00   1.9511654e+00
   2.9521503e+00   2.9545833e+00
   1.1781832e+00   2.3602845e+00
   1.2921962e+00   7.9514277e-01
   1.6539160e+00   1.1909406e+00
   1.3109566e+00   9.2248730e-01
   9.9028950e-01   2.9848123e+00
   2.8086932e+00  -2.8715283e+00
   1.3703150e+00   2.5202925e+00
   2.0049071e+00  -1.3331975e+00
   1.1643335e+00   3.1199581e+00
   2.9179627e+00  -1.0984064e+00
   3.0938739e+00  -1.9434925e+00
   2.4000923e+00  -3.0269297e+00
   1.4393483e+00  -1.4581010e+00
   6.4732785e-01   1.6666487e-01
   2.4825726e+00  -3.8510896e-01
   3.7328230e-01  -9.9478800e-01
   1.9053496e+00  -2.3255873e+00
   1.0374833e+00   1.2157044e+00
   1.5917187e+00  -2.5426213e+00
   9.9598447e-01   2.3693162e+00
   5.8218188e-01  -1.1071168e+00
   2.0612486e+00   4.0883774e-01
   1.0628674e+00   1.4312557e+00
   1.4280380e+00   2.5057696e+00
   1.1702305e+00  -7.0642945e-01
   2.6133758e+00  -1.9358294e+00
   1.0936600e+00  -3.0485772e+00
   1.0199729e+00  -4.4883648e-01
   2.8657152e+00  -1.2248912e+00
   2.0243328e+00   1.5449299e+00
   1.8393515e+00  -2.6926533e+00
   1.7450885e+00  -1.4179060e+00
   1.2294897e+00  -2.9834693e+00
   2.7424704e+00  -7.5983005e-01
   2.3234308e+00   1.3254692e+00
   2.3892611e+00   3.7160630e-01
   2.6088012e+00   7.9354734e-01
   2.7920794e+00   1.6333462e+00
   1.5535543e+00  -1.0534988e+00
   2.4686810e+00  -1.8460533e+00
   1.7592508e+00   2.0010736e+00
   1.1720427e+00   2.2826142e+00
   2.8147204e+00   5.4294905e-01
   1.3514357e+00  -5.5603582e-01
   8.6773906e-01  -2.1436506e-01
   6.5385757e-01  -2.3941703e+00
   2.1302642e+00   2.2918741e-01
   2.1803828e+00   4.2895816e-02
   6.8008899e-01  -1.6203392e+00
   2.3510036e+00  -2.6623551e+00
   7.1535071e-01   1.3800944e+00
   1.9573430e+00  -2.8314321e+00
   9.9196277e-01   4.8709627e-01
   7.6957029e-01   7.4760978e-02
   2.3544686e+00   2.4883511e+00
   2.8364442e+00  -1.9346015e+00
   1.7401045e+00   1.7908299e+00
   6.8370965e-01   4.7706006e-01
   1.4089120e+00   2.5227383e-01
   2.8144460e+00   8.1479972e-01
   1.2503940e+00  -1.2301562e+00
   2.7135798e+00   5.4154875e-01
   4.3443328e-01   5.8841608e-01
   1.8700821e+00  -2.2745755e+00
   2.1388282e+00   3.0256690e+00
   2.2853364e+00   8.8993874e-01
   2.6851171e+00   1.3062494e+00
   9.7596734e-01  -2.2584609e+00
   1.0504115e+00  -2.3182469e+00
   2.3147451e+00  -2.4862286e+00
   1.6487815e+00  -9.2932654e-01
   1.0768142e+00  -2.8089762e+00
   1.5664325e+00  -2.3150818e+00
   1.5092431e+00   3.0619625e+00
   1.0159950e+00  -1.0096813e+00
   8.2453343e-01  -7.6323028e-01
   2.4050667e+00  -5.4780122e-01
   1.2472988e+00   2.4720337e+00
   8.9756874e-01  -1.8763907e+00
   2.4273992e+00  -1.4095734e-01
   1.8296669e+00  -1.5225291e+00
   4.7070504e-01  -2.2258149e+00
   2.1916487e-01  -1.6828198e+00
   1.5270772e+00   2.6062576e+00
   2.9124264e+00   1.1218751e+00
   1.9938688e+00  -4.4986405e-01
   7.8170351e-01   1.7478733e+00
   2.4610907e+00   3.0872835e+00
   1.9275494e+00  -2.6206586e+00
   1.1666684e+00  -1.4352962e+00
   1.6366450e+00  -2.7445698e+00
   1.4306808e+00   2.6562449e+00
   1.9696997e+00  -1.3886982e+00
   1.4159471e+00  -1.5281799e+00
   2.6731515e+00   3.0156136e+00
   1.8997857e+00   1.6187415e+00
   1.5895577e+00   1.8521927e+00
   3.0312762e+00  -2.2092616e-02
   2.5718613e+00   2.8448731e-01
   1.3412419e+00  -1.8786867e+00
   2.0644905e+00   1.0271861e+00
   1.0091842e+00  -2.7265295e+00
   2.3077805e+00  -2.8350125e+00
   2.5851788e+00   1.4411177e+00
   1.9913541e+00   1.2012588e+00
   7.2204914e-01  -1.8622106e+00
   1.0917220e+00  -1.3269814e+00
   1.7013615e+00   6.7983599e-02
   1.0424414e+00  -2.0843200e+00
   1.4310132e+00  -2.7982094e+00
   2.0685051e+00   9.3701609e-01
   1.9806660e+00  -2.5874718e+00
   1.2922582e+00   4.7459826e-01
   6.4191705e-01  -2.0598365e+00
   8.7689522e-01  -2.5332668e+00
   1.2272683e+00  -2.6784086e+00
   1.3846960e+00  -1.6064301e+00
   8.5532761e-01   2.6100033e+00
   2.3093035e+00   2.7605384e+00
   1.9492740e+00  -3.0521261e+00
   2.1939133e+00   2.8196750e+00
   5.9894814e-01   1.8045017e+00
   1.2504029e+00  -1.4788081e+00
   6.4875576e-01   2.8057159e+00
   1.7859912e+00  -4.4508448e-01
   4.0700616e-01   1.6210125e+00
   1.6718775e+00  -1.3709729e+00
   1.5534263e+00  -1.5263491e+00
   8.3529356e-01  -1.4663938e+00
   1.6825154e+00   1.3227746e-01
   2.2076897e+00   1.6955605e+00
   2.1742541e+00  -1.2876516e+00
   1.7707569e+00   1.2534474e+00
   8.6695558e-01  -4.4526504e-01
   1.8748537e+00   2.5796511e+00
   5.9929187e-01  -3.7098353e-02
   9.2578568e-01   2.3933291e+00
   1.8192600e+00   1.0386645e+00
   6.2763482e-01   2.2107718e+00
   1.4489663e+00  -2.6295022e+00
   2.4921128e+00  -2.9041148e+00
   7.9474182e-01  -5.7803163e-01
   1.7516972e+00   1.0717407e+00
   2.6561610e+00  -1.3930301e+00
   6.9555813e-01  -9.5576695e-01
   1.4783107e+00   1.3105101e+00
   1.5475454e+00   2.6879244e+00
   2.6231968e+00   5.6511201e-01
   1.4202402e+00   1.7630715e-01
   2.7667418e+00  -1.1535242e+00
   1.2852061e+00   1.2880715e+00
   1.3925833e+00   2.3737783e+00
   8.8058328e-01   1.8984086e+00
   1.2065674e+00   1.9687182e+00
   1.5922036e+00   1.9196803e+00
   1.0535834e+00  -1.9836950e-02
   1.7410172e+00   9.1650283e-01
   1.9929627e+00   2.9347489e+00
   2.2167547e+00  -2.6338165e+00
   1.2923031e+00   1.7442034e+00
   5.9347752e-01  -3.9965933e-01
   7.2964924e-01  -1.3248795e+00
   2.0332206e+00  -1.0905696e+00
   5.9992907e-01   1.9188254e+00
   6.1090253e-01   1.6321291e+00
   1.6019442e+00  -8.9130757e-01
   2.2532479e+00   1.1347867e+00
   1.4461526e+00  -2.2771013e+00
   2.6509318e+00   9.2738388e-01
   7.3810821e-01  -2.1923358e+00
   8.0392874e-01  -1.6430340e+00
   2.1681960e+00   2.1184381e+00
   1.6779056e+00   1.2845123e+00
   1.7876331e+00   2.9681840e+00
   9.7502656e-01  -1.9288114e+00
   2.9881323e-01  -2.5622118e+00
   1.3485253e+00   1.8128549e+00
   1.2481386e+00  -3.3851355e-01
   1.2071624e+00   1.8017636e+00
   1.2131074e+00  -1.8228581e+00
   2.2374226e+00   3.8456240e-01
   2.5631293e+00   1.7500866e+00
   1.0752748e+00   2.3012657e+00
   1.4552861e+00   2.0134146e+00
   2.1243518e+00  -7.1914729e-01
   2.2015931e+00  -6.6327515e-01
   2.1936578e+00   9.8590171e-01
   9.3159447e-01   9.7223674e-02
   2.5538515e+00  -1.0257354e+00
   2.3150730e+00  -5.9325144e-03
   3.0409858e+00  -2.4824167e+00
   1.1014384e+00  -6.3186127e-01
   1.0115348e+00  -9.2883420e-01
   9.6011351e-01   1.1296022e+00
   2.4089716e+00  -2.6462974e+00
   1.8082375e+00  -6.9646698e-01
   8.6516863e-01   1.4496089e+00
   1.5241385e+00   2.5915913e-01
   1.8507066e+00  -1.1872427e+00
   1.5951033e+00  -1.3529620e+00
   2.6046487e+00  -3.0560452e+00
   1.4720474e+00   1.7779335e+00
   6.0744293e-01   8.0281778e-01
   1.6952150e+00  -2.3446205e+00
   2.2501054e+00   1.6147093e+00
   2.5196400e+00   6.4277102e-01
   1.4462706e+00  -4.0746773e-01
   2.7394324e+00   1.6891636e-01
   2.6379792e+00  -2.8480037e+00
   1.4031366e+00   4.0490529e-01
   1.5286901e+00  -1.5498771e-01
   2.0352315e+00   1.6342886e+00
   1.6161683e+00   2.8122515e+00
   1.8521419e+00   3.1220633e+00
   1.4605069e+00   1.5683494e+00
   1.0266069e+00   1.7486871e+00
   1.8703557e+00  -2.4045979e-01
   1.0979008e+00   2.5802770e+00
   2.4567693e+00  -1.0008505e+00
   2.3545884e+00   1.2497646e+00
   1.5024459e+00   2.1234357e+00
   1.2347987e+00   2.6943826e+00
   1.7618445e+00  -8.7004810e-01
   1.3548935e+00  -4.9146065e-01
   1.4711472e-01   2.0482086e+00
   2.0089425e+00  -5.9040704e-01
   2.7718950e+00  -3.9585261e-01
   1.0235365e+00   2.5483378e+00
   2.4653505e+00   6.9021219e-01
   5.4487024e-01  -2.5824286e+00
   1.8559153e+00  -9.8748897e-01
   2.2534401e+00  -9.6887447e-01
   2.5724493e+00  -6.7511223e-01
   1.6058146e+00  -1.8621586e-01
   2.2792065e+00  -2.0988185e+00
   2.3273703e+00   1.9586266e+00
   2.7531811e+00   1.3497780e+00
   2.4501832e+00   1.9855261e+00
   1.7017310e+00  -2.1569765e+00
   1.4835015e+00  -3.2166200e-01
   2.1778305e+00  -1.8156947e+00
   4.9122380e-01   4.6978339e-01
   1.5906679e+00  -1.9773442e+00
   1.3720066e+00   1.0311901e-01
   1.5263558e+00  -1.7387159e-02
   1.4934460e+00  -7.3821985e-01
   1.7293218e-01   2.4367555e+00
   1.6710077e+00   2.5009642e+00
   1.3386851e+00   6.2257720e-01
   1.2599850e+00   2.9314219e+00
   8.1202641e-01  -1.1012671e+00
   2.5105379e+00   2.6093697e+00
   9.7197440e-01  -1.5454658e+00
   2.1964567e+00  -2.3059870e+00
   1.0566510e+00   2.8552670e+00
   1.0803441e+00   1.1619586e+00
   2.0787252e+00   1.3954062e-01
   1.7135547e+00  -9.3497330e-01
   1.9713621e+00   2.2772258e+00
   5.2821683e-01  -2.7765596e+00
   2.0479327e+00  -1.6638118e+00
   2.1216197e+00   2.0196328e+00
   2.7587740e-01   2.7956876e+00
   1.1172598e+00   2.5866390e-02
   1.3022412e+00  -2.0197357e+00
   1.3965042e+00   2.9887023e+00
   1.9121030e+00  -1.7289196e+00
   3.9912221e-01   2.3306264e+00
   8.1816189e-01   2.4532716e-01
   7.5233152e-01   1.1991900e+00
   5.3279146e-01   7.7724898e-01
   3.4951327e-01  -6.2549823e-02
   1.5880383e+00   2.6242952e+00
   6.7291162e-01  -2.8663357e+00
   1.3823418e+00  -4.3027723e-01
   1.9695500e+00  -7.1181790e-01
   3.2687229e-01   1.0278473e+00
   1.7901570e+00   2.1268321e+00
   2.2738536e+00   1.7851614e+00
   2.4877351e+00  -2.3182186e+00
   1.0113284e+00   1.3416089e+00
   9.6120988e-01   1.5279005e+00
   2.4615037e+00  -3.0920498e+00
   7.9058903e-01  -2.0500339e+00
   2.4262419e+00   1.9070190e-01
   1.1842496e+00  -1.8809568e+00
   2.1496299e+00   1.0837001e+00
   2.3720224e+00   1.4960353e+00
   7.8712407e-01  -9.1755480e-01
   3.0514843e-01  -2.7777875e+00
   1.4014882e+00  -2.2003357e-01
   2.4578830e+00   1.0937363e+00
   1.7326807e+00   1.3185225e+00
   3.2714662e-01   7.5599661e-01
   1.8911987e+00   2.8009525e+00
   4.2801289e-01   1.0292476e+00
   2.7071594e+00   9.8238025e-01
   1.2715106e+00  -2.4378135e+00
   1.0027645e+00  -1.4548726e+00
   8.5625630e-01   6.8085759e-01
   4.5647552e-01   2.6454693e-01
   2.1656253e+00  -2.4539281e+00
   2.0911812e+00  -2.3941421e+00
   8.2684759e-01  -2.2261604e+00
   1.4928112e+00   2.5001229e+00
   2.0647784e+00  -1.9034128e+00
   1.5751601e+00  -2.3973072e+00
   1.6323495e+00  -1.4911662e+00
   2.1255976e+00   2.5804776e+00
   2.3170592e+00   2.3340266e+00
   7.3652597e-01   2.1185976e+00
   1.8942939e+00  -9.0123735e-01
   2.2440239e+00  -2.8359983e+00
   7.1419342e-01   1.7117537e+00
   1.3119257e+00   3.0933254e+00
   2.6708876e+00  -2.4865740e+00
   2.9224278e+00  -3.0295692e+00
   1.6145155e+00  -1.0354612e+00
   2.2916630e-01   4.4892125e-01
   1.1477238e+00   2.0206604e+00
   2.3598891e+00  -1.7707698e-01
   6.8050198e-01  -1.5164872e+00
   1.2140433e+00  -2.0917303e+00
   1.9749243e+00   3.0060925e+00
   1.5049476e+00  -1.9678192e+00
   1.7109118e+00  -1.0854486e+00
   1.1718930e+00   2.9594945e+00
   1.7256456e+00   3.0989763e+00
   4.6844112e-01  -1.4448172e+00
   1.2418069e+00  -4.7945129e-02
   1.5520349e+00  -2.8139641e-01
   1.1031649e-01   1.5928889e+00
   5.6973131e-01   1.2863090e+00
   1.8003507e+00  -2.8337023e+00
   1.0771021e+00   5.4361023e-01
   2.1324084e+00  -1.9858595e+00
   8.3381218e-01  -1.8773765e+00
   5.5641386e-01   1.2967867e-01
   1.1502385e+00   3.6953757e-01
   2.4195435e+00  -2.8501784e+00
   2.0498707e+00   2.8977777e+00
   1.4402311e+00   1.5028127e+00
   2.0991512e+00  -2.6280690e+00
   1.7105795e+00  -1.9141796e+00
   1.0730875e+00   6.3378024e-01
   1.1609267e+00  -2.1249172e+00
   1.8493344e+00   1.0961981e+00
   2.4996756e+00  -2.6525525e+00
   2.2646974e+00  -2.1791222e+00
   1.9143243e+00  -2.0339804e+00
   1.7568967e+00  -3.1059589e+00
   2.2862650e+00  -1.0392070e+00
   8.3228917e-01  -1.1897421e+00
   1.1923186e+00  -1.6602629e+00
   9.4767932e-01  -1.2488787e+00
   2.5426445e+00  -2.3370540e-01
   1.8911897e+00   3.0496044e+00
   2.4928369e+00  -1.2349195e+00
   1.3556015e+00   2.0158808e+00
   2.7345865e+00  -5.0216172e-02
   1.4697151e+00   2.9417692e+00
   1.5881663e+00   3.0971454e+00
   2.3062991e+00   3.0371901e+00
   1.4590772e+00   1.4385189e+00
   9.3390295e-01  -1.2476414e-01
   9.6733858e-01   2.8584479e+00
   1.3708357e+00   3.1734891e-01
   2.2746371e+00   2.0160614e+00
   1.2667390e+00  -1.0088548e+00
   2.5423008e+00   1.6078947e+00
   2.2158070e+00  -8.2253281e-01
   1.3223327e+00   5.3213184e-01
   2.0612486e+00  -1.1619586e+00
   1.0628674e+00  -1.3954062e-01
   1.4280380e+00   9.3497330e-01
   1.1702305e+00  -2.2772258e+00
   2.6133758e+00   2.7765596e+00
   1.0936600e+00   1.6638118e+00
   1.0199729e+00  -2.0196328e+00
   2.8657152e+00  -2.7956876e+00
   2.0243328e+00  -2.5866390e-02
   1.8393515e+00   2.0197357e+00
   1.7450885e+00  -2.9887023e+00
   1.2294897e+00   1.7289196e+00
   2.7424704e+00  -2.3306264e+00
   2.3234308e+00  -2.4532716e-01
   2.3892611e+00  -1.1991900e+00
   2.6088012e+00  -7.7724898e-01
   2.7920794e+00   6.2549823e-02
   1.5535543e+00  -2.6242952e+00
   2.4686810e+00   2.8663357e+00
   1.7592508e+00   4.3027723e-01
   1.1720427e+00   7.1181790e-01
   2.8147204e+00  -1.0278473e+00
   1.3514357e+00  -2.1268321e+00
   8.6773906e-01  -1.7851614e+00
   6.5385757e-01   2.3182186e+00
   2.1302642e+00  -1.3416089e+00
   2.1803828e+00  -1.5279005e+00
   6.8008899e-01   3.0920498e+00
   2.3510036e+00   2.0500339e+00
   7.1535071e-01  -1.9070190e-01
   1.9573430e+00   1.8809568e+00
   9.9196277e-01  -1.0837001e+00
   7.6957029e-01  -1.4960353e+00
   2.3544686e+00   9.1755480e-01
   2.8364442e+00   2.7777875e+00
   1.7401045e+00   2.2003357e-01
   6.8370965e-01  -1.0937363e+00
   1.4089120e+00  -1.3185225e+00
   2.8144460e+00  -7.5599661e-01
   1.2503940e+00  -2.8009525e+00
   2.7135798e+00  -1.0292476e+00
   4.3443328e-01  -9.8238025e-01
   1.8700821e+00   2.4378135e+00
   2.1388282e+00   1.4548726e+00
   2.2853364e+00  -6.8085759e-01
   2.6851171e+00  -2.6454693e-01
   9.7596734e-01   2.4539281e+00
   1.0504115e+00   2.3941421e+00
   2.3147451e+00   2.2261604e+00
   1.6487815e+00  -2.5001229e+00
   1.0768142e+00   1.9034128e+00
   1.5664325e+00   2.3973072e+00
   1.5092431e+00   1.4911662e+00
   1.0159950e+00  -2.5804776e+00
   8.2453343e-01  -2.3340266e+00
   2.4050667e+00  -2.1185976e+00
   1.2472988e+00   9.0123735e-01
   8.9756874e-01   2.8359983e+00
   2.4273992e+00  -1.7117537e+00
   1.8296669e+00  -3.0933254e+00
   4.7070504e-01   2.4865740e+00
   2.1916487e-01   3.0295692e+00
   1.5270772e+00   1.0354612e+00
   2.9124264e+00  -4.4892125e-01
   1.9938688e+00  -2.0206604e+00
   7.8170351e-01   1.7707698e-01
   2.4610907e+00   1.5164872e+00
   1.9275494e+00   2.0917303e+00
   1.1666684e+00  -3.0060925e+00
   1.6366450e+00   1.9678192e+00
   1.4306808e+00   1.0854486e+00
   1.9696997e+00  -2.9594945e+00
   1.4159471e+00  -3.0989763e+00
   2.6731515e+00   1.4448172e+00
   1.8997857e+00   4.7945129e-02
   1.5895577e+00   2.8139641e-01
   3.0312762e+00  -1.5928889e+00
   2.5718613e+00  -1.2863090e+00
   1.3412419e+00   2.8337023e+00
   2.0644905e+00  -5.4361023e-01
   1.0091842e+00   1.9858595e+00
   2.3077805e+00   1.8773765e+00
   2.5851788e+00  -1.2967867e-01
   1.9913541e+00  -3.6953757e-01
   7.2204914e-01   2.8501784e+00
   1.0917220e+00  -2.8977777e+00
   1.7013615e+00  -1.5028127e+00
   1.0424414e+00   2.6280690e+00
   1.4310132e+00   1.9141796e+00
   2.0685051e+00  -6.3378024e-01
   1.9806660e+00   2.1249172e+00
   1.2922582e+00  -1.0961981e+00
   6.4191705e-01   2.6525525e+00
   8.7689522e-01   2.1791222e+00
   1.2272683e+00   2.0339804e+00
   1.3846960e+00   3.1059589e+00
   8.5532761e-01   1.0392070e+00
   2.3093035e+00   1.1897421e+00
   1.9492740e+00   1.6602629e+00
   2.1939133e+00   1.2488787e+00
   5.9894814e-01   2.3370540e-01
   1.2504029e+00  -3.0496044e+00
   6.4875576e-01   1.2349195e+00
   1.7859912e+00  -2.0158808e+00
   4.0700616e-01   5.0216172e-02
   1.6718775e+00  -2.9417692e+00
   1.5534263e+00  -3.0971454e+00
   8.3529356e-01  -3.0371901e+00
   1.6825154e+00  -1.4385189e+00
   2.2076897e+00   1.2476414e-01
   2.1742541e+00  -2.8584479e+00
   1.7707569e+00  -3.1734891e-01
   8.6695558e-01  -2.0160614e+00
   1.8748537e+00   1.0088548e+00
   5.9929187e-01  -1.6078947e+00
   9.2578568e-01   8.2253281e-01
   1.8192600e+00  -5.3213184e-01
   1.0803441e+00  -1.9796341e+00
   2.0787252e+00  -3.0020520e+00
   1.7135547e+00   2.2066194e+00
   1.9713621e+00  -8.6436688e-01
   5.2821683e-01   3.6503303e-01
   2.0479327e+00   1.4777809e+00
   2.1216197e+00  -1.1219598e+00
   2.7587740e-01  -3.4590510e-01
   1.1172598e+00  -3.1157263e+00
   1.3022412e+00   1.1218570e+00
   1.3965042e+00  -1.5289032e-01
   1.9121030e+00   1.4126730e+00
   3.9912221e-01  -8.1096628e-01
   8.1816189e-01  -2.8962655e+00
   7.5233152e-01  -1.9424026e+00
   5.3279146e-01  -2.3643437e+00
   3.4951327e-01   3.0790428e+00
   1.5880383e+00  -5.1729749e-01
   6.7291162e-01   2.7525698e-01
   1.3823418e+00   2.7113154e+00
   1.9695500e+00   2.4297748e+00
   3.2687229e-01  -2.1137454e+00
   1.7901570e+00  -1.0147605e+00
   2.2738536e+00  -1.3564313e+00
   2.4877351e+00   8.2337401e-01
   1.0113284e+00  -1.7999837e+00
   9.6120988e-01  -1.6136921e+00
   2.4615037e+00   4.9542830e-02
   7.9058903e-01   1.0915587e+00
   2.4262419e+00  -2.9508908e+00
   1.1842496e+00   1.2606358e+00
   2.1496299e+00  -2.0578926e+00
   2.3720224e+00  -1.6455573e+00
   7.8712407e-01   2.2240379e+00
   3.0514843e-01   3.6380519e-01
   1.4014882e+00   2.9215591e+00
   2.4578830e+00  -2.0478564e+00
   1.7326807e+00  -1.8230702e+00
   3.2714662e-01  -2.3855960e+00
   1.8911987e+00  -3.4064015e-01
   4.2801289e-01  -2.1123451e+00
   2.7071594e+00  -2.1592124e+00
   1.2715106e+00   7.0377913e-01
   1.0027645e+00   1.6867200e+00
   8.5625630e-01  -2.4607351e+00
   4.5647552e-01  -2.8770457e+00
   2.1656253e+00   6.8766454e-01
   2.0911812e+00   7.4745057e-01
   8.2684759e-01   9.1543230e-01
   1.4928112e+00  -6.4146979e-01
   2.0647784e+00   1.2381798e+00
   1.5751601e+00   7.4428544e-01
   1.6323495e+00   1.6504264e+00
   2.1255976e+00  -5.6111503e-01
   2.3170592e+00  -8.0756605e-01
   7.3652597e-01  -1.0229951e+00
   1.8942939e+00   2.2403553e+00
   2.2440239e+00   3.0559437e-01
   7.1419342e-01  -1.4298390e+00
   1.3119257e+00  -4.8267269e-02
   2.6708876e+00   6.5501862e-01
   2.9224278e+00   1.1202346e-01
   1.6145155e+00   2.1061314e+00
   2.2916630e-01  -2.6926714e+00
   1.1477238e+00  -1.1209323e+00
   2.3598891e+00   2.9645157e+00
   6.8050198e-01   1.6251054e+00
   1.2140433e+00   1.0498623e+00
   1.9749243e+00  -1.3550015e-01
   1.5049476e+00   1.1737735e+00
   1.7109118e+00   2.0561441e+00
   1.1718930e+00  -1.8209812e-01
   1.7256456e+00  -4.2616398e-02
   4.6844112e-01   1.6967754e+00
   1.2418069e+00   3.0936475e+00
   1.5520349e+00   2.8601962e+00
   1.1031649e-01  -1.5487037e+00
   5.6973131e-01  -1.8552836e+00
   1.8003507e+00   3.0789033e-01
   1.0771021e+00  -2.5979824e+00
   2.1324084e+00   1.1557332e+00
   8.3381218e-01   1.2642161e+00
   5.5641386e-01  -3.0119140e+00
   1.1502385e+00  -2.7720551e+00
   2.4195435e+00   2.9141426e-01
   2.0498707e+00  -2.4381494e-01
   1.4402311e+00  -1.6387799e+00
   2.0991512e+00   5.1352370e-01
   1.7105795e+00   1.2274131e+00
   1.0730875e+00  -2.5078124e+00
   1.1609267e+00   1.0166754e+00
   1.8493344e+00  -2.0453946e+00
   2.4996756e+00   4.8904014e-01
   2.2646974e+00   9.6247048e-01
   1.9143243e+00   1.1076123e+00
   1.7568967e+00   3.5633762e-02
   2.2862650e+00   2.1023857e+00
   8.3228917e-01   1.9518506e+00
   1.1923186e+00   1.4813298e+00
   9.4767932e-01   1.8927139e+00
   2.5426445e+00   2.9078872e+00
   1.8911897e+00  -9.1988230e-02
   2.4928369e+00   1.9066731e+00
   1.3556015e+00  -1.1257118e+00
   2.7345865e+00   3.0913765e+00
   1.4697151e+00  -1.9982343e-01
   1.5881663e+00  -4.4447251e-02
   2.3062991e+00  -1.0440253e-01
   1.4590772e+00  -1.7030738e+00
   9.3390295e-01   3.0168285e+00
   9.6733858e-01  -2.8314478e-01
   1.3708357e+00  -2.8242437e+00
   2.2746371e+00  -1.1255313e+00
   1.2667390e+00   2.1327379e+00
   2.5423008e+00  -1.5336980e+00
   2.2158070e+00   2.3190598e+00
   1.3223327e+00  -2.6094608e+00
   2.0612486e+00   1.9796341e+00
   1.0628674e+00   3.0020520e+00
   1.4280380e+00  -2.2066194e+00
   1.1702305e+00   8.6436688e-01
   2.6133758e+00  -3.6503303e-01
   1.0936600e+00  -1.4777809e+00
   1.0199729e+00   1.1219598e+00
   2.8657152e+00   3.4590510e-01
   2.0243328e+00   3.1157263e+00
   1.8393515e+00  -1.1218570e+00
   1.7450885e+00   1.5289032e-01
   1.2294897e+00  -1.4126730e+00
   2.7424704e+00   8.1096628e-01
   2.3234308e+00   2.8962655e+00
   2.3892611e+00   1.9424026e+00
   2.6088012e+00   2.3643437e+00
   2.7920794e+00  -3.0790428e+00
   1.5535543e+00   5.1729749e-01
   2.4686810e+00  -2.7525698e-01
   1.7592508e+00  -2.7113154e+00
   1.1720427e+00  -2.4297748e+00
   2.8147204e+00   2.1137454e+00
   1.3514357e+00   1.0147605e+00
   8.6773906e-01   1.3564313e+00
   6.5385757e-01  -8.2337401e-01
   2.1302642e+00   1.7999837e+00
   2.1803828e+00   1.6136921e+00
   6.8008899e-01  -4.9542830e-02
   2.3510036e+00  -1.0915587e+00
   7.1535071e-01   2.9508908e+00
   1.9573430e+00  -1.2606358e+00
   9.9196277e-01   2.0578926e+00
   7.6957029e-01   1.6455573e+00
   2.3544686e+00  -2.2240379e+00
   2.8364442e+00  -3.6380519e-01
   1.7401045e+00  -2.9215591e+00
   6.8370965e-01   2.0478564e+00
   1.4089120e+00   1.8230702e+00
   2.8144460e+00   2.3855960e+00
   1.2503940e+00   3.4064015e-01
   2.7135798e+00   2.1123451e+00
   4.3443328e-01   2.1592124e+00
   1.8700821e+00  -7.0377913e-01
   2.1388282e+00  -1.6867200e+00
   2.2853364e+00   2.4607351e+00
   2.6851171e+00   2.8770457e+00
   9.7596734e-01  -6.8766454e-01
   1.0504115e+00  -7.4745057e-01
   2.3147451e+00  -9.1543230e-01
   1.6487815e+00   6.4146979e-01
   1.0768142e+00  -1.2381798e+00
   1.5664325e+00  -7.4428544e-01
   1.5092431e+00  -1.6504264e+00
   1.0159950e+00   5.6111503e-01
   8.2453343e-01   8.0756605e-01
   2.4050667e+00   1.0229951e+00
   1.2472988e+00  -2.2403553e+00
   8.9756874e-01  -3.0559437e-01
   2.4273992e+00   1.4298390e+00
   1.8296669e+00   4.8267269e-02
   4.7070504e-01  -6.5501862e-01
   2.1916487e-01  -1.1202346e-01
   1.5270772e+00  -2.1061314e+00
   2.9124264e+00   2.6926714e+00
   1.9938688e+00   1.1209323e+00
   7.8170351e-01  -2.9645157e+00
   2.4610907e+00  -1.6251054e+00
   1.9275494e+00  -1.0498623e+00
   1.1666684e+00   1.3550015e-01
   1.6366450e+00  -1.1737735e+00
   1.4306808e+00  -2.0561441e+00
   1.9696997e+00   1.8209812e-01
   1.4159471e+00   4.2616398e-02
   2.6731515e+00  -1.6967754e+00
   1.8997857e+00  -3.0936475e+00
   1.5895577e+00  -2.8601962e+00
   3.0312762e+00   1.5487037e+00
   2.5718613e+00   1.8552836e+00
   1.3412419e+00  -3.0789033e-01
   2.0644905e+00   2.5979824e+00
   1.0091842e+00  -1.1557332e+00
   2.3077805e+00  -1.2642161e+00
   2.5851788e+00   3.0119140e+00
   1.9913541e+00   2.7720551e+00
   7.2204914e-01  -2.9141426e-01
   1.0917220e+00   2.4381494e-01
   1.7013615e+00   1.6387799e+00
   1.0424414e+00  -5.1352370e-01
   1.4310132e+00  -1.2274131e+00
   2.0685051e+00   2.5078124e+00
   1.9806660e+00  -1.0166754e+00
   1.2922582e+00   2.0453946e+00
   6.4191705e-01  -4.8904014e-01
   8.7689522e-01  -9.6247048e-01
   1.2272683e+00  -1.1076123e+00
   1.3846960e+00  -3.5633762e-02
   8.5532761e-01  -2.1023857e+00
   2.3093035e+00  -1.9518506e+00
   1.9492740e+00  -1.4813298e+00
   2.1939133e+00  -1.8927139e+00
   5.9894814e-01  -2.9078872e+00
   1.2504029e+00   9.1988230e-02
   6.4875576e-01  -1.9066731e+00
   1.7859912e+00   1.1257118e+00
   4.0700616e-01  -3.0913765e+00
   1.6718775e+00   1.9982343e-01
   1.5534263e+00   4.4447251e-02
   8.3529356e-01   1.0440253e-01
   1.6825154e+00   1.7030738e+00
   2.2076897e+00  -3.0168285e+00
   2.1742541e+00   2.8314478e-01
   1.7707569e+00   2.8242437e+00
   8.6695558e-01   1.1255313e+00
   1.8748537e+00  -2.1327379e+00
   5.9929187e-01   1.5336980e+00
   9.2578568e-01  -2.3190598e+00
   1.8192600e+00   2.6094608e+00
   1.2124985e+00   5.2702664e-01
   5.2512594e-01  -1.3259402e+00
   9.4246084e-01  -2.9648109e+00
   2.2114725e+00  -5.0795988e-01
   2.0609787e+00   1.7761660e+00
   1.6533980e+00  -2.6626868e+00
   1.9495239e+00  -5.9838315e-01
   1.8299445e+00   1.4751062e+00
   4.5422230e-01   1.5177845e+00
   2.0025380e+00   2.8451222e+00
   2.9102581e+00   8.5769959e-01
   1.7197286e+00  -2.7963070e+00
   1.8417741e+00   1.2740677e+00
   7.8408296e-01   1.3170524e+00
   1.3200465e+00   8.5362413e-01
   1.2002951e+00   1.1786637e+00
   1.2219957e+00   1.5935755e+00
   2.6240340e+00  -3.4854575e-02
   2.2140511e+00   1.7841215e+00
   4.6736421e-01   2.7127493e+00
   7.9851402e-01  -2.5687366e+00
   1.4041344e+00   1.2882834e+00
   2.1120082e+00  -2.5670034e-01
   1.7338001e+00  -7.1449851e-01
   1.9970473e+00  -2.0828397e+00
   1.3770373e+00   5.7145461e-01
   1.5356302e+00   6.1001852e-01
   2.2498933e+00  -1.6108292e+00
   1.9047036e+00   2.3017337e+00
   8.7109138e-01  -1.4075679e+00
   1.8573957e+00   2.7376755e+00
   1.1681926e+00  -6.3675420e-01
   1.5188007e+00  -8.0262387e-01
   1.1257553e+00   2.2436220e+00
   1.8553938e+00   1.6824130e+00
   2.7679422e-01   2.4771754e+00
   1.2765224e+00  -9.4424879e-01
   1.3218912e+00  -1.6707949e-01
   1.3348071e+00   1.3420779e+00
   2.6782733e+00  -7.8201260e-01
   1.3551792e+00   1.1981259e+00
   1.3350013e+00  -1.2024491e+00
   2.3869426e+00   2.6966580e+00
   1.4731407e+00   2.5705026e+00
   9.4348912e-01   9.4306842e-01
   1.1313342e+00   1.4430949e+00
   2.2653072e+00  -2.3242997e+00
   2.2605399e+00  -2.4411543e+00
   2.0358065e+00   2.2818908e+00
   2.4960643e+00   1.2985848e-01
   1.8623939e+00  -2.6237197e+00
   2.3972969e+00  -3.1351511e+00
   1.4913173e+00  -3.0798443e+00
   2.3741193e+00  -8.6130310e-01
   2.1031284e+00  -9.0743777e-01
   1.9281952e+00   9.1207528e-01
   9.4165926e-01  -2.7375258e+00
   2.4122169e+00  -1.9315329e+00
   1.6629495e+00   8.6153266e-01
   2.8783600e+00   1.3905744e+00
   1.9386932e+00  -1.8713839e+00
   1.7885652e+00  -1.5956914e+00
   1.0360279e+00  -3.0907736e+00
   1.3646829e+00   1.4699048e+00
   1.9785016e+00   4.6365629e-01
   8.0449773e-01  -1.7439024e+00
   1.5366361e+00   2.2505769e+00
   2.0559607e+00   2.7357497e+00
   2.7165422e+00  -1.2648473e+00
   1.9669107e+00   3.0702081e+00
   1.0906105e+00  -2.9834692e+00
   2.7051273e+00   1.1650028e+00
   2.9810314e+00  -1.3043590e+00
   1.5140372e+00   2.0360397e+00
   3.3233901e-01   1.7102695e+00
   2.8200459e-01   3.0741268e+00
   1.5732284e+00   1.4605065e+00
   1.4188194e+00   1.0195354e+00
   2.7597417e+00  -2.4847395e+00
   7.1720043e-01   8.0521188e-01
   1.9191044e+00  -2.5392514e+00
   1.7961823e+00   2.3807989e+00
   1.0195964e+00   1.4905394e+00
   5.5245615e-01   8.9144947e-01
   2.2562940e+00  -1.8186260e+00
   2.6083744e+00  -1.1357456e+00
   1.5033923e+00   1.3086407e-01
   2.4222586e+00  -2.2703933e+00
   1.9106943e+00  -2.9932661e+00
   7.8408517e-01   7.4239276e-01
   2.0744316e+00   2.6692392e+00
   1.1159009e+00  -3.1106869e-01
   2.1276892e+00  -1.9085155e+00
   2.0256605e+00  -2.3493506e+00
   2.0050059e+00  -2.7612236e+00
   2.9521503e+00  -1.7578057e+00
   1.1781832e+00  -2.3521045e+00
   1.2921962e+00   2.3659391e+00
   1.6539160e+00   2.7617369e+00
   1.3109566e+00   2.4932836e+00
   9.9028950e-01  -1.7275766e+00
   2.8086932e+00  -1.3007320e+00
   1.3703150e+00  -2.1920965e+00
   2.0049071e+00   2.3759885e-01
   1.1643335e+00  -1.5924309e+00
   2.9179627e+00   4.7238997e-01
   3.0938739e+00  -3.7269613e-01
   2.4000923e+00  -1.4561333e+00
   1.4393483e+00   1.1269537e-01
   6.4732785e-01   1.7374612e+00
   2.4825726e+00   1.1856874e+00
   3.7328230e-01   5.7600833e-01
   1.9053496e+00  -7.5479100e-01
   1.0374833e+00   2.7865007e+00
   1.5917187e+00  -9.7182500e-01
   9.9598447e-01  -2.3430728e+00
   5.8218188e-01   4.6367955e-01
   1.9290942e+00   2.6145660e+00
   2.6164667e+00  -1.8156524e+00
   2.1991318e+00  -1.7678176e-01
   9.3012011e-01  -2.6336328e+00
   1.0806139e+00   1.3654266e+00
   1.4881946e+00  -4.7890586e-01
   1.1920688e+00  -2.5432095e+00
   1.3116482e+00   1.6664864e+00
   2.6873704e+00   1.6238082e+00
   1.1390547e+00   2.9647048e-01
   2.3133453e-01   2.2838931e+00
   1.4218640e+00  -3.4528561e-01
   1.2998185e+00   1.8675249e+00
   2.3575097e+00   1.8245403e+00
   1.8215461e+00   2.2879685e+00
   1.9412975e+00   1.9629289e+00
   1.9195969e+00   1.5480172e+00
   5.1755867e-01  -3.1067381e+00
   9.2754151e-01   1.3574711e+00
   2.6742284e+00   4.2884340e-01
   2.3430786e+00  -5.7285608e-01
   1.7374583e+00   1.8533093e+00
   1.0295845e+00  -2.8848923e+00
   1.4077925e+00  -2.4270941e+00
   1.1445454e+00  -1.0587529e+00
   1.7645553e+00   2.5701380e+00
   1.6059624e+00   2.5315741e+00
   8.9169934e-01  -1.5307635e+00
   1.2368891e+00   8.3985893e-01
   2.2705013e+00  -1.7340248e+00
   1.2841970e+00   4.0391717e-01
   1.9734000e+00  -2.5048385e+00
   1.6227920e+00  -2.3389688e+00
   2.0158374e+00   8.9797064e-01
   1.2861988e+00   1.4591796e+00
   2.8647984e+00   6.6441726e-01
   1.8650702e+00  -2.1973439e+00
   1.8197014e+00  -2.9745132e+00
   1.8067855e+00   1.7995147e+00
   4.6331939e-01  -2.3595800e+00
   1.7864135e+00   1.9434668e+00
   1.8065914e+00  -1.9391436e+00
   7.5465002e-01   4.4493463e-01
   1.6684519e+00   5.7109010e-01
   2.1981035e+00   2.1985242e+00
   2.0102584e+00   1.6984978e+00
   8.7628546e-01  -8.1729292e-01
   8.8105279e-01  -7.0043837e-01
   1.1057862e+00   8.5970184e-01
   6.4552837e-01   3.0117342e+00
   1.2791988e+00  -5.1787294e-01
   7.4429578e-01  -6.4415184e-03
   1.6502753e+00  -6.1748381e-02
   7.6747330e-01  -2.2802896e+00
   1.0384643e+00  -2.2341549e+00
   1.2133975e+00   2.2295174e+00
   2.1999334e+00  -4.0406687e-01
   7.2937573e-01  -1.2100598e+00
   1.4786432e+00   2.2800600e+00
   2.6323268e-01   1.7510182e+00
   1.2028995e+00  -1.2702088e+00
   1.3530274e+00  -1.5459012e+00
   2.1055648e+00  -5.0819070e-02
   1.7769098e+00   1.6716878e+00
   1.1630910e+00   2.6779364e+00
   2.3370949e+00  -1.3976902e+00
   1.6049566e+00   8.9101579e-01
   1.0856320e+00   4.0584299e-01
   4.2505048e-01  -1.8767453e+00
   1.1746820e+00   7.1384539e-02
   2.0509822e+00  -1.5812350e-01
   4.3646539e-01   1.9765898e+00
   1.6056121e-01  -1.8372337e+00
   1.6275555e+00   1.1055530e+00
   2.8092536e+00   1.4313232e+00
   2.8595881e+00   6.7465903e-02
   1.5683643e+00   1.6810861e+00
   1.7227732e+00   2.1220573e+00
   3.8185099e-01  -6.5685318e-01
   2.4243922e+00   2.3363808e+00
   1.2224883e+00  -6.0234120e-01
   1.3454104e+00   7.6079371e-01
   2.1219963e+00   1.6510533e+00
   2.5891365e+00   2.2501432e+00
   8.8529870e-01  -1.3229667e+00
   5.3321823e-01  -2.0058471e+00
   1.6382004e+00   3.0107286e+00
   7.1933410e-01  -8.7119936e-01
   1.2308983e+00  -1.4832656e-01
   2.3575075e+00   2.3991999e+00
   1.0671611e+00   4.7235341e-01
   2.0256917e+00  -2.8305240e+00
   1.0139034e+00  -1.2330772e+00
   1.1159321e+00  -7.9224206e-01
   1.1365867e+00  -3.8036909e-01
   1.8944238e-01  -1.3837869e+00
   1.9634094e+00  -7.8948813e-01
   1.8493964e+00   7.7565355e-01
   1.4876767e+00   3.7985571e-01
   1.8306361e+00   6.4830902e-01
   2.1513031e+00  -1.4140160e+00
   3.3289946e-01  -1.8408607e+00
   1.7712777e+00  -9.4949618e-01
   1.1366856e+00   2.9039938e+00
   1.9772592e+00  -1.5491618e+00
   2.2362998e-01   2.6692027e+00
   4.7718718e-02  -2.7688965e+00
   7.4150032e-01  -1.6854593e+00
   1.7022444e+00   3.0288973e+00
   2.4942648e+00   1.4041315e+00
   6.5902001e-01   1.9559053e+00
   2.7683104e+00   2.5655843e+00
   1.2362431e+00  -2.3868016e+00
   2.1041093e+00   3.5509197e-01
   1.5498740e+00  -2.1697676e+00
   2.1456082e+00  -7.9851987e-01
   2.5594108e+00   2.6779131e+00
   1.9290942e+00  -5.2702664e-01
   2.6164667e+00   1.3259402e+00
   2.1991318e+00   2.9648109e+00
   9.3012011e-01   5.0795988e-01
   1.0806139e+00  -1.7761660e+00
   1.4881946e+00   2.6626868e+00
   1.1920688e+00   5.9838315e-01
   1.3116482e+00  -1.4751062e+00
   2.6873704e+00  -1.5177845e+00
   1.1390547e+00  -2.8451222e+00
   2.3133453e-01  -8.5769959e-01
   1.4218640e+00   2.7963070e+00
   1.2998185e+00  -1.2740677e+00
   2.3575097e+00  -1.3170524e+00
   1.8215461e+00  -8.5362413e-01
   1.9412975e+00  -1.1786637e+00
   1.9195969e+00  -1.5935755e+00
   5.1755867e-01   3.4854575e-02
   9.2754151e-01  -1.7841215e+00
   2.6742284e+00  -2.7127493e+00
   2.3430786e+00   2.5687366e+00
   1.7374583e+00  -1.2882834e+00
   1.0295845e+00   2.5670034e-01
   1.4077925e+00   7.1449851e-01
   1.1445454e+00   2.0828397e+00
   1.7645553e+00  -5.7145461e-01
   1.6059624e+00  -6.1001852e-01
   8.9169934e-01   1.6108292e+00
   1.2368891e+00  -2.3017337e+00
   2.2705013e+00   1.4075679e+00
   1.2841970e+00  -2.7376755e+00
   1.9734000e+00   6.3675420e-01
   1.6227920e+00   8.0262387e-01
   2.0158374e+00  -2.2436220e+00
   1.2861988e+00  -1.6824130e+00
   2.8647984e+00  -2.4771754e+00
   1.8650702e+00   9.4424879e-01
   1.8197014e+00   1.6707949e-01
   1.8067855e+00  -1.3420779e+00
   4.6331939e-01   7.8201260e-01
   1.7864135e+00  -1.1981259e+00
   1.8065914e+00   1.2024491e+00
   7.5465002e-01  -2.6966580e+00
   1.6684519e+00  -2.5705026e+00
   2.1981035e+00  -9.4306842e-01
   2.0102584e+00  -1.4430949e+00
   8.7628546e-01   2.3242997e+00
   8.8105279e-01   2.4411543e+00
   1.1057862e+00  -2.2818908e+00
   6.4552837e-01  -1.2985848e-01
   1.2791988e+00   2.6237197e+00
   7.4429578e-01   3.1351511e+00
   1.6502753e+00   3.0798443e+00
   7.6747330e-01   8.6130310e-01
   1.0384643e+00   9.0743777e-01
   1.2133975e+00  -9.1207528e-01
   2.1999334e+00   2.7375258e+00
   7.2937573e-01   1.9315329e+00
   1.4786432e+00  -8.6153266e-01
   2.6323268e-01  -1.3905744e+00
   1.2028995e+00   1.8713839e+00
   1.3530274e+00   1.5956914e+00
   2.1055648e+00   3.0907736e+00
   1.7769098e+00  -1.4699048e+00
   1.1630910e+00  -4.6365629e-01
   2.3370949e+00   1.7439024e+00
   1.6049566e+00  -2.2505769e+00
   1.0856320e+00  -2.7357497e+00
   4.2505048e-01   1.2648473e+00
   1.1746820e+00  -3.0702081e+00
   2.0509822e+00   2.9834692e+00
   4.3646539e-01  -1.1650028e+00
   1.6056121e-01   1.3043590e+00
   1.6275555e+00  -2.0360397e+00
   2.8092536e+00  -1.7102695e+00
   2.8595881e+00  -3.0741268e+00
   1.5683643e+00  -1.4605065e+00
   1.7227732e+00  -1.0195354e+00
   3.8185099e-01   2.4847395e+00
   2.4243922e+00  -8.0521188e-01
   1.2224883e+00   2.5392514e+00
   1.3454104e+00  -2.3807989e+00
   2.1219963e+00  -1.4905394e+00
   2.5891365e+00  -8.9144947e-01
   8.8529870e-01   1.8186260e+00
   5.3321823e-01   1.1357456e+00
   1.6382004e+00  -1.3086407e-01
   7.1933410e-01   2.2703933e+00
   1.2308983e+00   2.9932661e+00
   2.3575075e+00  -7.4239276e-01
   1.0671611e+00  -2.6692392e+00
   2.0256917e+00   3.1106869e-01
   1.0139034e+00   1.9085155e+00
   1.1159321e+00   2.3493506e+00
   1.1365867e+00   2.7612236e+00
   1.8944238e-01   1.7578057e+00
   1.9634094e+00   2.3521045e+00
   1.8493964e+00  -2.3659391e+00
   1.4876767e+00  -2.7617369e+00
   1.8306361e+00  -2.4932836e+00
   2.1513031e+00   1.7275766e+00
   3.3289946e-01   1.3007320e+00
   1.7712777e+00   2.1920965e+00
   1.1366856e+00  -2.3759885e-01
   1.9772592e+00   1.5924309e+00
   2.2362998e-01  -4.7238997e-01
   4.7718718e-02   3.7269613e-01
   7.4150032e-01   1.4561333e+00
   1.7022444e+00  -1.1269537e-01
   2.4942648e+00  -1.7374612e+00
   6.5902001e-01  -1.1856874e+00
   2.7683104e+00  -5.7600833e-01
   1.2362431e+00   7.5479100e-01
   2.1041093e+00  -2.7865007e+00
   1.5498740e+00   9.7182500e-01
   2.1456082e+00   2.3430728e+00
   2.5594108e+00  -4.6367955e-01
   1.2124985e+00  -2.6145660e+00
   5.2512594e-01   1.8156524e+00
   9.4246084e-01   1.7678176e-01
   2.2114725e+00   2.6336328e+00
   2.0609787e+00  -1.3654266e+00
   1.6533980e+00   4.7890586e-01
   1.9495239e+00   2.5432095e+00
   1.8299445e+00  -1.6664864e+00
   4.5422230e-01  -1.6238082e+00
   2.0025380e+00  -2.9647048e-01
   2.9102581e+00  -2.2838931e+00
   1.7197286e+00   3.4528561e-01
   1.8417741e+00  -1.8675249e+00
   7.8408296e-01  -1.8245403e+00
   1.3200465e+00  -2.2879685e+00
   1.2002951e+00  -1.9629289e+00
   1.2219957e+00  -1.5480172e+00
   2.6240340e+00   3.1067381e+00
   2.2140511e+00  -1.3574711e+00
   4.6736421e-01  -4.2884340e-01
   7.9851402e-01   5.7285608e-01
   1.4041344e+00  -1.8533093e+00
   2.1120082e+00   2.8848923e+00
   1.7338001e+00   2.4270941e+00
   1.9970473e+00   1.0587529e+00
   1.3770373e+00  -2.5701380e+00
   1.5356302e+00  -2.5315741e+00
   2.2498933e+00   1.5307635e+00
   1.9047036e+00  -8.3985893e-01
   8.7109138e-01   1.7340248e+00
   1.8573957e+00  -4.0391717e-01
   1.1681926e+00   2.5048385e+00
   1.5188007e+00   2.3389688e+00
   1.1257553e+00  -8.9797064e-01
   1.8553938e+00  -1.4591796e+00
   2.7679422e-01  -6.6441726e-01
   1.2765224e+00   2.1973439e+00
   1.3218912e+00   2.9745132e+00
   1.3348071e+00  -1.7995147e+00
   2.6782733e+00   2.3595800e+00
   1.3551792e+00  -1.9434668e+00
   1.3350013e+00   1.9391436e+00
   2.3869426e+00  -4.4493463e-01
   1.4731407e+00  -5.7109010e-01
   9.4348912e-01  -2.1985242e+00
   1.1313342e+00  -1.6984978e+00
   2.2653072e+00   8.1729292e-01
   2.2605399e+00   7.0043837e-01
   2.0358065e+00  -8.5970184e-01
   2.4960643e+00  -3.0117342e+00
   1.8623939e+00   5.1787294e-01
   2.3972969e+00   6.4415184e-03
   1.4913173e+00   6.1748381e-02
   2.3741193e+00   2.2802896e+00
   2.1031284e+00   2.2341549e+00
   1.9281952e+00  -2.2295174e+00
   9.4165926e-01   4.0406687e-01
   2.4122169e+00   1.2100598e+00
   1.6629495e+00  -2.2800600e+00
   2.8783600e+00  -1.7510182e+00
   1.9386932e+00   1.2702088e+00
   1.7885652e+00   1.5459012e+00
   1.0360279e+00   5.0819070e-02
   1.3646829e+00  -1.6716878e+00
   1.9785016e+00  -2.6779364e+00
   8.0449773e-01   1.3976902e+00
   1.5366361e+00  -8.9101579e-01
   2.0559607e+00  -4.0584299e-01
   2.7165422e+00   1.8767453e+00
   1.9669107e+00  -7.1384539e-02
   1.0906105e+00   1.5812350e-01
   2.7051273e+00  -1.9765898e+00
   2.9810314e+00   1.8372337e+00
   1.5140372e+00  -1.1055530e+00
   3.3233901e-01  -1.4313232e+00
   2.8200459e-01  -6.7465903e-02
   1.5732284e+00  -1.6810861e+00
   1.4188194e+00  -2.1220573e+00
   2.7597417e+00   6.5685318e-01
   7.1720043e-01  -2.3363808e+00
   1.9191044e+00   6.0234120e-01
   1.7961823e+00  -7.6079371e-01
   1.0195964e+00  -1.6510533e+00
   5.5245615e-01  -2.2501432e+00
   2.2562940e+00   1.3229667e+00
   2.6083744e+00   2.0058471e+00
   1.5033923e+00  -3.0107286e+00
   2.4222586e+00   8.7119936e-01
   1.9106943e+00   1.4832656e-01
   7.8408517e-01  -2.3991999e+00
   2.0744316e+00  -4.7235341e-01
   1.1159009e+00   2.8305240e+00
   2.1276892e+00   1.2330772e+00
   2.0256605e+00   7.9224206e-01
   2.0050059e+00   3.8036909e-01
   2.9521503e+00   1.3837869e+00
   1.1781832e+00   7.8948813e-01
   1.2921962e+00  -7.7565355e-01
   1.6539160e+00  -3.7985571e-01
   1.3109566e+00  -6.4830902e-01
   9.9028950e-01   1.4140160e+00
   2.8086932e+00   1.8408607e+00
   1.3703150e+00   9.4949618e-01
   2.0049071e+00  -2.9039938e+00
   1.1643335e+00   1.5491618e+00
   2.9179627e+00  -2.6692027e+00
   3.0938739e+00   2.7688965e+00
   2.4000923e+00   1.6854593e+00
   1.4393483e+00  -3.0288973e+00
   6.4732785e-01  -1.4041315e+00
   2.4825726e+00  -1.9559053e+00
   3.7328230e-01  -2.5655843e+00
   1.9053496e+00   2.3868016e+00
   1.0374833e+00  -3.5509197e-01
   1.5917187e+00   2.1697676e+00
   9.9598447e-01   7.9851987e-01
   5.8218188e-01  -2.6779131e+00
   2.5139578e+00  -6.3997548e-01
   1.6926263e+00  -2.0828868e+00
   6.4947989e-01  -1.8082742e+00
   2.3468508e+00   2.1488280e+00
   1.3898954e+00   4.9905564e-01
   4.8543162e-01   2.9638264e+00
   2.4460345e+00   2.5265633e+00
   1.6632819e+00   2.6028621e-01
   1.5940472e+00  -1.1171281e+00
   5.1839582e-01   1.0056843e+00
   1.7213525e+00   1.3944892e+00
   3.7485082e-01   2.7243206e+00
   1.8563865e+00   2.8272484e-01
   1.7490094e+00  -8.0298199e-01
   2.2610094e+00  -3.2761227e-01
   1.9350252e+00  -3.9792186e-01
   1.5493891e+00  -3.4888393e-01
   2.0880092e+00   1.5906333e+00
   1.4005755e+00   6.5429349e-01
   1.1486299e+00  -1.3639526e+00
   9.2483790e-01  -2.0785725e+00
   1.8492895e+00  -1.7340707e-01
   2.5481151e+00   1.9704557e+00
   2.4119434e+00   2.8956758e+00
   1.1083720e+00   2.6613659e+00
   2.5416636e+00  -3.4802903e-01
   2.5306901e+00  -6.1332758e-02
   1.5396484e+00   2.4621039e+00
   8.8834472e-01   4.3600961e-01
   1.6954401e+00  -2.4352877e+00
   4.9066086e-01   6.4341244e-01
   2.4034844e+00  -2.5200532e+00
   2.3376639e+00  -3.0693550e+00
   9.7339662e-01  -5.4764181e-01
   1.4636871e+00   2.8628405e-01
   1.3539595e+00  -1.3973877e+00
   2.1665661e+00  -2.7835776e+00
   2.8427794e+00  -2.1501772e+00
   1.7930674e+00  -2.4205857e-01
   1.8934541e+00   1.9093099e+00
   1.9344302e+00  -2.3096729e-01
   1.9284853e+00  -2.8895309e+00
   9.0417007e-01   1.1862339e+00
   5.7846337e-01  -1.7929028e-01
   2.0663178e+00  -7.3046939e-01
   1.6863065e+00  -4.4261829e-01
   1.0172409e+00   2.2899436e+00
   9.3999951e-01   2.2340715e+00
   9.4793489e-01   5.8489462e-01
   2.2099982e+00   1.4735727e+00
   5.8774111e-01   2.5965318e+00
   8.2651966e-01   1.5767288e+00
   1.0060685e-01  -2.2299723e+00
   2.0401542e+00   2.2026576e+00
   2.1300579e+00   2.4996305e+00
   2.1814791e+00   4.4119416e-01
   7.3262103e-01  -2.0660915e+00
   1.3333551e+00   2.2672633e+00
   2.2764240e+00   1.2118738e-01
   1.6174541e+00   1.3116372e+00
   1.2908861e+00   2.7580390e+00
   1.5464893e+00   2.9237583e+00
   5.3694398e-01  -1.6563438e+00
   1.6695453e+00  -2.0713713e-01
   2.5341497e+00   7.6797854e-01
   1.4463776e+00  -2.3677685e+00
   8.9148726e-01  -4.3912930e-02
   6.2195269e-01   9.2802531e-01
   1.6953220e+00   1.9782641e+00
   4.0216027e-01   1.4018800e+00
   5.0361347e-01  -1.8643853e+00
   1.7384560e+00   1.1658910e+00
   1.6129025e+00   1.7257840e+00
   1.1063612e+00  -6.3492273e-02
   1.5254243e+00  -1.2414552e+00
   1.2894508e+00  -1.5512670e+00
   1.6810858e+00   2.4469108e-03
   2.1149857e+00  -1.7789080e-01
   1.2712369e+00   1.8112561e+00
   2.0436918e+00  -1.0094807e+00
   6.8482335e-01   2.5716469e+00
   7.8700423e-01   3.2103168e-01
   1.6391468e+00  -5.5263940e-01
   1.9067939e+00  -1.1235863e+00
   1.3797481e+00   2.4408444e+00
   1.7866992e+00   2.0622570e+00
   2.9944779e+00  -4.7741224e-01
   1.1326501e+00   2.1612034e+00
   3.6969764e-01   1.9666489e+00
   2.1180562e+00  -9.7754147e-01
   6.7624217e-01   8.8058414e-01
   2.5967224e+00  -2.1299604e+00
   1.2856774e+00   2.5582853e+00
   8.8815260e-01   2.5396708e+00
   5.6914336e-01   2.2459086e+00
   1.5357781e+00   1.7570122e+00
   8.6238614e-01  -2.6135704e+00
   8.1422233e-01  -3.8783030e-01
   3.8841157e-01   2.2101829e-01
   6.9140944e-01  -4.1472974e-01
   1.4398616e+00  -2.5554125e+00
   1.6580912e+00   1.8924583e+00
   9.6376217e-01  -2.8966943e+00
   2.6503689e+00   1.1010129e+00
   1.5509247e+00  -2.7350448e+00
   1.7695861e+00   1.4676773e+00
   1.6152369e+00   1.5881835e+00
   1.6481467e+00   2.3090162e+00
   2.9686605e+00  -8.6595917e-01
   1.4705849e+00  -9.3016789e-01
   1.8029075e+00   9.4821913e-01
   1.8816077e+00  -1.3606256e+00
   2.3295662e+00   2.6720634e+00
   6.3105478e-01  -1.0385734e+00
   2.1696183e+00   3.1162621e+00
   9.4513595e-01  -2.4064019e+00
   2.0849417e+00  -1.2844706e+00
   2.5139578e+00   2.5016172e+00
   1.6926263e+00   1.0587059e+00
   6.4947989e-01   1.3333184e+00
   2.3468508e+00  -9.9276469e-01
   1.3898954e+00  -2.6425370e+00
   4.8543162e-01  -1.7776620e-01
   2.4460345e+00  -6.1502938e-01
   1.6632819e+00  -2.8813064e+00
   1.5940472e+00   2.0244646e+00
   5.1839582e-01  -2.1359083e+00
   1.7213525e+00  -1.7471035e+00
   3.7485082e-01  -4.1727210e-01
   1.8563865e+00  -2.8588678e+00
   1.7490094e+00   2.3386107e+00
   2.2610094e+00   2.8139804e+00
   1.9350252e+00   2.7436708e+00
   1.5493891e+00   2.7927087e+00
   2.0880092e+00  -1.5509594e+00
   1.4005755e+00  -2.4872992e+00
   1.1486299e+00   1.7776401e+00
   9.2483790e-01   1.0630202e+00
   1.8492895e+00   2.9681856e+00
   2.5481151e+00  -1.1711370e+00
   2.4119434e+00  -2.4591685e-01
   1.1083720e+00  -4.8022670e-01
   2.5416636e+00   2.7935636e+00
   2.5306901e+00   3.0802599e+00
   1.5396484e+00  -6.7948876e-01
   8.8834472e-01  -2.7055830e+00
   1.6954401e+00   7.0630494e-01
   4.9066086e-01  -2.4981802e+00
   2.4034844e+00   6.2153948e-01
   2.3376639e+00   7.2237679e-02
   9.7339662e-01   2.5939508e+00
   1.4636871e+00  -2.8553086e+00
   1.3539595e+00   1.7442050e+00
   2.1665661e+00   3.5801503e-01
   2.8427794e+00   9.9141549e-01
   1.7930674e+00   2.8995341e+00
   1.8934541e+00  -1.2322828e+00
   1.9344302e+00   2.9106254e+00
   1.9284853e+00   2.5206174e-01
   9.0417007e-01  -1.9553587e+00
   5.7846337e-01   2.9623024e+00
   2.0663178e+00   2.4111233e+00
   1.6863065e+00   2.6989744e+00
   1.0172409e+00  -8.5164903e-01
   9.3999951e-01  -9.0752118e-01
   9.4793489e-01  -2.5566980e+00
   2.2099982e+00  -1.6680200e+00
   5.8774111e-01  -5.4506089e-01
   8.2651966e-01  -1.5648638e+00
   1.0060685e-01   9.1162039e-01
   2.0401542e+00  -9.3893505e-01
   2.1300579e+00  -6.4196212e-01
   2.1814791e+00  -2.7003985e+00
   7.3262103e-01   1.0755011e+00
   1.3333551e+00  -8.7432935e-01
   2.2764240e+00  -3.0204053e+00
   1.6174541e+00  -1.8299555e+00
   1.2908861e+00  -3.8355367e-01
   1.5464893e+00  -2.1783431e-01
   5.3694398e-01   1.4852489e+00
   1.6695453e+00   2.9344555e+00
   2.5341497e+00  -2.3736141e+00
   1.4463776e+00   7.7382413e-01
   8.9148726e-01   3.0976797e+00
   6.2195269e-01  -2.2135673e+00
   1.6953220e+00  -1.1633286e+00
   4.0216027e-01  -1.7397127e+00
   5.0361347e-01   1.2772074e+00
   1.7384560e+00  -1.9757016e+00
   1.6129025e+00  -1.4158086e+00
   1.1063612e+00   3.0781004e+00
   1.5254243e+00   1.9001375e+00
   1.2894508e+00   1.5903256e+00
   1.6810858e+00  -3.1391457e+00
   2.1149857e+00   2.9637019e+00
   1.2712369e+00  -1.3303365e+00
   2.0436918e+00   2.1321120e+00
   6.8482335e-01  -5.6994578e-01
   7.8700423e-01  -2.8205610e+00
   1.6391468e+00   2.5889532e+00
   1.9067939e+00   2.0180063e+00
   1.3797481e+00  -7.0074823e-01
   1.7866992e+00  -1.0793357e+00
   2.9944779e+00   2.6641804e+00
   1.1326501e+00  -9.8038928e-01
   3.6969764e-01  -1.1749437e+00
   2.1180562e+00   2.1640512e+00
   6.7624217e-01  -2.2610085e+00
   2.5967224e+00   1.0116323e+00
   1.2856774e+00  -5.8330736e-01
   8.8815260e-01  -6.0192185e-01
   5.6914336e-01  -8.9568409e-01
   1.5357781e+00  -1.3845805e+00
   8.6238614e-01   5.2802222e-01
   8.1422233e-01   2.7537624e+00
   3.8841157e-01  -2.9205744e+00
   6.9140944e-01   2.7268629e+00
   1.4398616e+00   5.8618013e-01
   1.6580912e+00  -1.2491343e+00
   9.6376217e-01   2.4489835e-01
   2.6503689e+00  -2.0405797e+00
   1.5509247e+00   4.0654782e-01
   1.7695861e+00  -1.6739153e+00
   1.6152369e+00  -1.5534092e+00
   1.6481467e+00  -8.3257648e-01
   2.9686605e+00   2.2756335e+00
   1.4705849e+00   2.2114248e+00
   1.8029075e+00  -2.1933735e+00
   1.8816077e+00   1.7809671e+00
   2.3295662e+00  -4.6952925e-01
   6.3105478e-01   2.1030193e+00
   2.1696183e+00  -2.5330569e-02
   9.4513595e-01   7.3519071e-01
   2.0849417e+00   1.8571220e+00
   6.2763482e-01  -2.5016172e+00
   1.4489663e+00  -1.0587059e+00
   2.4921128e+00  -1.3333184e+00
   7.9474182e-01   9.9276469e-01
   1.7516972e+00   2.6425370e+00
   2.6561610e+00   1.7776620e-01
   6.9555813e-01   6.1502938e-01
   1.4783107e+00   2.8813064e+00
   1.5475454e+00  -2.0244646e+00
   2.6231968e+00   2.1359083e+00
   1.4202402e+00   1.7471035e+00
   2.7667418e+00   4.1727210e-01
   1.2852061e+00   2.8588678e+00
   1.3925833e+00  -2.3386107e+00
   8.8058328e-01  -2.8139804e+00
   1.2065674e+00  -2.7436708e+00
   1.5922036e+00  -2.7927087e+00
   1.0535834e+00   1.5509594e+00
   1.7410172e+00   2.4872992e+00
   1.9929627e+00  -1.7776401e+00
   2.2167547e+00  -1.0630202e+00
   1.2923031e+00  -2.9681856e+00
   5.9347752e-01   1.1711370e+00
   7.2964924e-01   2.4591685e-01
   2.0332206e+00   4.8022670e-01
   5.9992907e-01  -2.7935636e+00
   6.1090253e-01  -3.0802599e+00
   1.6019442e+00   6.7948876e-01
   2.2532479e+00   2.7055830e+00
   1.4461526e+00  -7.0630494e-01
   2.6509318e+00   2.4981802e+00
   7.3810821e-01  -6.2153948e-01
   8.0392874e-01  -7.2237679e-02
   2.1681960e+00  -2.5939508e+00
   1.6779056e+00   2.8553086e+00
   1.7876331e+00  -1.7442050e+00
   9.7502656e-01  -3.5801503e-01
   2.9881323e-01  -9.9141549e-01
   1.3485253e+00  -2.8995341e+00
   1.2481386e+00   1.2322828e+00
   1.2071624e+00  -2.9106254e+00
   1.2131074e+00  -2.5206174e-01
   2.2374226e+00   1.9553587e+00
   2.5631293e+00  -2.9623024e+00
   1.0752748e+00  -2.4111233e+00
   1.4552861e+00  -2.6989744e+00
   2.1243518e+00   8.5164903e-01
   2.2015931e+00   9.0752118e-01
   2.1936578e+00   2.5566980e+00
   9.3159447e-01   1.6680200e+00
   2.5538515e+00   5.4506089e-01
   2.3150730e+00   1.5648638e+00
   3.0409858e+00  -9.1162039e-01
   1.1014384e+00   9.3893505e-01
   1.0115348e+00   6.4196212e-01
   9.6011351e-01   2.7003985e+00
   2.4089716e+00  -1.0755011e+00
   1.8082375e+00   8.7432935e-01
   8.6516863e-01   3.0204053e+00
   1.5241385e+00   1.8299555e+00
   1.8507066e+00   3.8355367e-01
   1.5951033e+00   2.1783431e-01
   2.6046487e+00  -1.4852489e+00
   1.4720474e+00  -2.9344555e+00
   6.0744293e-01   2.3736141e+00
   1.6952150e+00  -7.7382413e-01
   2.2501054e+00  -3.0976797e+00
   2.5196400e+00   2.2135673e+00
   1.4462706e+00   1.1633286e+00
   2.7394324e+00   1.7397127e+00
   2.6379792e+00  -1.2772074e+00
   1.4031366e+00   1.9757016e+00
   1.5286901e+00   1.4158086e+00
   2.0352315e+00  -3.0781004e+00
   1.6161683e+00  -1.9001375e+00
   1.8521419e+00  -1.5903256e+00
   1.4605069e+00   3.1391457e+00
   1.0266069e+00  -2.9637019e+00
   1.8703557e+00   1.3303365e+00
   1.0979008e+00  -2.1321120e+00
   2.4567693e+00   5.6994578e-01
   2.3545884e+00   2.8205610e+00
   1.5024459e+00  -2.5889532e+00
   1.2347987e+00  -2.0180063e+00
   1.7618445e+00   7.0074823e-01
   1.3548935e+00   1.0793357e+00
   1.4711472e-01  -2.6641804e+00
   2.0089425e+00   9.8038928e-01
   2.7718950e+00   1.1749437e+00
   1.0235365e+00  -2.1640512e+00
   2.4653505e+00   2.2610085e+00
   5.4487024e-01  -1.0116323e+00
   1.8559153e+00   5.8330736e-01
   2.2534401e+00   6.0192185e-01
   2.5724493e+00   8.9568409e-01
   1.6058146e+00   1.3845805e+00
   2.2792065e+00  -5.2802222e-01
   2.3273703e+00  -2.7537624e+00
   2.7531811e+00   2.9205744e+00
   2.4501832e+00  -2.7268629e+00
   1.7017310e+00  -5.8618013e-01
   1.4835015e+00   1.2491343e+00
   2.1778305e+00  -2.4489835e-01
   4.9122380e-01   2.0405797e+00
   1.5906679e+00  -4.0654782e-01
   1.3720066e+00   1.6739153e+00
   1.5263558e+00   1.5534092e+00
   1.4934460e+00   8.3257648e-01
   1.7293218e-01  -2.2756335e+00
   1.6710077e+00  -2.2114248e+00
   1.3386851e+00   2.1933735e+00
   1.2599850e+00  -1.7809671e+00
   8.1202641e-01   4.6952925e-01
   2.5105379e+00  -2.1030193e+00
   9.7197440e-01   2.5330569e-02
   2.1964567e+00  -7.3519071e-01
   1.0566510e+00  -1.8571220e+00
   2.5139578e+00   9.3082085e-01
   1.6926263e+00  -5.1209043e-01
   6.4947989e-01  -2.3747789e-01
   2.3468508e+00  -2.5635610e+00
   1.3898954e+00   2.0698520e+00
   4.8543162e-01  -1.7485625e+00
   2.4460345e+00  -2.1858257e+00
   1.6632819e+00   1.8310825e+00
   1.5940472e+00   4.5366827e-01
   5.1839582e-01   2.5764806e+00
   1.7213525e+00   2.9652855e+00
   3.7485082e-01  -1.9880684e+00
   1.8563865e+00   1.8535212e+00
   1.7490094e+00   7.6781434e-01
   2.2610094e+00   1.2431841e+00
   1.9350252e+00   1.1728745e+00
   1.5493891e+00   1.2219124e+00
   2.0880092e+00  -3.1217557e+00
   1.4005755e+00   2.2250898e+00
   1.1486299e+00   2.0684374e-01
   9.2483790e-01  -5.0777614e-01
   1.8492895e+00   1.3973893e+00
   2.5481151e+00  -2.7419333e+00
   2.4119434e+00  -1.8167132e+00
   1.1083720e+00  -2.0510230e+00
   2.5416636e+00   1.2227673e+00
   2.5306901e+00   1.5094636e+00
   1.5396484e+00  -2.2502851e+00
   8.8834472e-01   2.0068059e+00
   1.6954401e+00  -8.6449139e-01
   4.9066086e-01   2.2142088e+00
   2.4034844e+00  -9.4925685e-01
   2.3376639e+00  -1.4985586e+00
   9.7339662e-01   1.0231545e+00
   1.4636871e+00   1.8570804e+00
   1.3539595e+00   1.7340863e-01
   2.1665661e+00  -1.2127813e+00
   2.8427794e+00  -5.7938084e-01
   1.7930674e+00   1.3287378e+00
   1.8934541e+00  -2.8030791e+00
   1.9344302e+00   1.3398290e+00
   1.9284853e+00  -1.3187346e+00
   9.0417007e-01   2.7570303e+00
   5.7846337e-01   1.3915060e+00
   2.0663178e+00   8.4032694e-01
   1.6863065e+00   1.1281780e+00
   1.0172409e+00  -2.4224454e+00
   9.3999951e-01  -2.4783175e+00
   9.4793489e-01   2.1556909e+00
   2.2099982e+00   3.0443690e+00
   5.8774111e-01  -2.1158572e+00
   8.2651966e-01  -3.1356601e+00
   1.0060685e-01  -6.5917593e-01
   2.0401542e+00  -2.5097314e+00
   2.1300579e+00  -2.2127584e+00
   2.1814791e+00   2.0119905e+00
   7.3262103e-01  -4.9529522e-01
   1.3333551e+00  -2.4451257e+00
   2.2764240e+00   1.6919837e+00
   1.6174541e+00   2.8824335e+00
   1.2908861e+00  -1.9543500e+00
   1.5464893e+00  -1.7886306e+00
   5.3694398e-01  -8.5547455e-02
   1.6695453e+00   1.3636592e+00
   2.5341497e+00   2.3387749e+00
   1.4463776e+00  -7.9697219e-01
   8.9148726e-01   1.5268834e+00
   6.2195269e-01   2.4988216e+00
   1.6953220e+00  -2.7341249e+00
   4.0216027e-01   2.9726763e+00
   5.0361347e-01  -2.9358895e-01
   1.7384560e+00   2.7366874e+00
   1.6129025e+00  -2.9866049e+00
   1.1063612e+00   1.5073041e+00
   1.5254243e+00   3.2934114e-01
   1.2894508e+00   1.9529313e-02
   1.6810858e+00   1.5732432e+00
   2.1149857e+00   1.3929055e+00
   1.2712369e+00  -2.9011329e+00
   2.0436918e+00   5.6131566e-01
   6.8482335e-01  -2.1407421e+00
   7.8700423e-01   1.8918280e+00
   1.6391468e+00   1.0181569e+00
   1.9067939e+00   4.4721002e-01
   1.3797481e+00  -2.2715446e+00
   1.7866992e+00  -2.6501320e+00
   2.9944779e+00   1.0933841e+00
   1.1326501e+00  -2.5511856e+00
   3.6969764e-01  -2.7457400e+00
   2.1180562e+00   5.9325486e-01
   6.7624217e-01   2.4513805e+00
   2.5967224e+00  -5.5916405e-01
   1.2856774e+00  -2.1541037e+00
   8.8815260e-01  -2.1727182e+00
   5.6914336e-01  -2.4664804e+00
   1.5357781e+00  -2.9553768e+00
   8.6238614e-01  -1.0427741e+00
   8.1422233e-01   1.1829660e+00
   3.8841157e-01   1.7918146e+00
   6.9140944e-01   1.1560666e+00
   1.4398616e+00  -9.8461619e-01
   1.6580912e+00  -2.8199307e+00
   9.6376217e-01  -1.3258980e+00
   2.6503689e+00   2.6718093e+00
   1.5509247e+00  -1.1642485e+00
   1.7695861e+00   3.0384736e+00
   1.6152369e+00  -3.1242055e+00
   1.6481467e+00  -2.4033728e+00
   2.9686605e+00   7.0483715e-01
   1.4705849e+00   6.4062843e-01
   1.8029075e+00   2.5190155e+00
   1.8816077e+00   2.1017075e-01
   2.3295662e+00  -2.0403256e+00
   6.3105478e-01   5.3222296e-01
   2.1696183e+00  -1.5961269e+00
   9.4513595e-01  -8.3560562e-01
   2.0849417e+00   2.8632570e-01
   2.5139578e+00  -2.2107718e+00
   1.6926263e+00   2.6295022e+00
   6.4947989e-01   2.9041148e+00
   2.3468508e+00   5.7803163e-01
   1.3898954e+00  -1.0717407e+00
   4.8543162e-01   1.3930301e+00
   2.4460345e+00   9.5576695e-01
   1.6632819e+00  -1.3105101e+00
   1.5940472e+00  -2.6879244e+00
   5.1839582e-01  -5.6511201e-01
   1.7213525e+00  -1.7630715e-01
   3.7485082e-01   1.1535242e+00
   1.8563865e+00  -1.2880715e+00
   1.7490094e+00  -2.3737783e+00
   2.2610094e+00  -1.8984086e+00
   1.9350252e+00  -1.9687182e+00
   1.5493891e+00  -1.9196803e+00
   2.0880092e+00   1.9836950e-02
   1.4005755e+00  -9.1650283e-01
   1.1486299e+00  -2.9347489e+00
   9.2483790e-01   2.6338165e+00
   1.8492895e+00  -1.7442034e+00
   2.5481151e+00   3.9965933e-01
   2.4119434e+00   1.3248795e+00
   1.1083720e+00   1.0905696e+00
   2.5416636e+00  -1.9188254e+00
   2.5306901e+00  -1.6321291e+00
   1.5396484e+00   8.9130757e-01
   8.8834472e-01  -1.1347867e+00
   1.6954401e+00   2.2771013e+00
   4.9066086e-01  -9.2738388e-01
   2.4034844e+00   2.1923358e+00
   2.3376639e+00   1.6430340e+00
   9.7339662e-01  -2.1184381e+00
   1.4636871e+00  -1.2845123e+00
   1.3539595e+00  -2.9681840e+00
   2.1665661e+00   1.9288114e+00
   2.8427794e+00   2.5622118e+00
   1.7930674e+00  -1.8128549e+00
   1.8934541e+00   3.3851355e-01
   1.9344302e+00  -1.8017636e+00
   1.9284853e+00   1.8228581e+00
   9.0417007e-01  -3.8456240e-01
   5.7846337e-01  -1.7500866e+00
   2.0663178e+00  -2.3012657e+00
   1.6863065e+00  -2.0134146e+00
   1.0172409e+00   7.1914729e-01
   9.3999951e-01   6.6327515e-01
   9.4793489e-01  -9.8590171e-01
   2.2099982e+00  -9.7223674e-02
   5.8774111e-01   1.0257354e+00
   8.2651966e-01   5.9325144e-03
   1.0060685e-01   2.4824167e+00
   2.0401542e+00   6.3186127e-01
   2.1300579e+00   9.2883420e-01
   2.1814791e+00  -1.1296022e+00
   7.3262103e-01   2.6462974e+00
   1.3333551e+00   6.9646698e-01
   2.2764240e+00  -1.4496089e+00
   1.6174541e+00  -2.5915913e-01
   1.2908861e+00   1.1872427e+00
   1.5464893e+00   1.3529620e+00
   5.3694398e-01   3.0560452e+00
   1.6695453e+00  -1.7779335e+00
   2.5341497e+00  -8.0281778e-01
   1.4463776e+00   2.3446205e+00
   8.9148726e-01  -1.6147093e+00
   6.2195269e-01  -6.4277102e-01
   1.6953220e+00   4.0746773e-01
   4.0216027e-01  -1.6891636e-01
   5.0361347e-01   2.8480037e+00
   1.7384560e+00  -4.0490529e-01
   1.6129025e+00   1.5498771e-01
   1.1063612e+00  -1.6342886e+00
   1.5254243e+00  -2.8122515e+00
   1.2894508e+00  -3.1220633e+00
   1.6810858e+00  -1.5683494e+00
   2.1149857e+00  -1.7486871e+00
   1.2712369e+00   2.4045979e-01
   2.0436918e+00  -2.5802770e+00
   6.8482335e-01   1.0008505e+00
   7.8700423e-01  -1.2497646e+00
   1.6391468e+00  -2.1234357e+00
   1.9067939e+00  -2.6943826e+00
   1.3797481e+00   8.7004810e-01
   1.7866992e+00   4.9146065e-01
   2.9944779e+00  -2.0482086e+00
   1.1326501e+00   5.9040704e-01
   3.6969764e-01   3.9585261e-01
   2.1180562e+00  -2.5483378e+00
   6.7624217e-01  -6.9021219e-01
   2.5967224e+00   2.5824286e+00
   1.2856774e+00   9.8748897e-01
   8.8815260e-01   9.6887447e-01
   5.6914336e-01   6.7511223e-01
   1.5357781e+00   1.8621586e-01
   8.6238614e-01   2.0988185e+00
   8.1422233e-01  -1.9586266e+00
   3.8841157e-01  -1.3497780e+00
   6.9140944e-01  -1.9855261e+00
   1.4398616e+00   2.1569765e+00
   1.6580912e+00   3.2166200e-01
   9.6376217e-01   1.8156947e+00
   2.6503689e+00  -4.6978339e-01
   1.5509247e+00   1.9773442e+00
   1.7695861e+00  -1.0311901e-01
   1.6152369e+00   1.7387159e-02
   1.6481467e+00   7.3821985e-01
   2.9686605e+00  -2.4367555e+00
   1.4705849e+00  -2.5009642e+00
   1.8029075e+00  -6.2257720e-01
   1.8816077e+00  -2.9314219e+00
   2.3295662e+00   1.1012671e+00
   6.3105478e-01  -2.6093697e+00
   2.1696183e+00   1.5454658e+00
   9.4513595e-01   2.3059870e+00
   2.0849417e+00  -2.8552670e+00
   1.2124985e+00   2.0978230e+00
   5.2512594e-01   2.4485612e-01
   9.4246084e-01  -1.3940146e+00
   2.2114725e+00   1.0628365e+00
   2.0609787e+00  -2.9362229e+00
   1.6533980e+00  -1.0918905e+00
   1.9495239e+00   9.7241318e-01
   1.8299445e+00   3.0459025e+00
   4.5422230e-01   3.0885808e+00
   2.0025380e+00  -1.8672668e+00
   2.9102581e+00   2.4284959e+00
   1.7197286e+00  -1.2255107e+00
   1.8417741e+00   2.8448641e+00
   7.8408296e-01   2.8878487e+00
   1.3200465e+00   2.4244205e+00
   1.2002951e+00   2.7494601e+00
   1.2219957e+00  -3.1188135e+00
   2.6240340e+00   1.5359418e+00
   2.2140511e+00  -2.9282675e+00
   4.6736421e-01  -1.9996397e+00
   7.9851402e-01  -9.9794025e-01
   1.4041344e+00   2.8590797e+00
   2.1120082e+00   1.3140960e+00
   1.7338001e+00   8.5629782e-01
   1.9970473e+00  -5.1204338e-01
   1.3770373e+00   2.1422509e+00
   1.5356302e+00   2.1808148e+00
   2.2498933e+00  -4.0032875e-02
   1.9047036e+00  -2.4106553e+00
   8.7109138e-01   1.6322844e-01
   1.8573957e+00  -1.9747135e+00
   1.1681926e+00   9.3404213e-01
   1.5188007e+00   7.6817245e-01
   1.1257553e+00  -2.4687670e+00
   1.8553938e+00  -3.0299760e+00
   2.7679422e-01  -2.2352136e+00
   1.2765224e+00   6.2654754e-01
   1.3218912e+00   1.4037168e+00
   1.3348071e+00   2.9128742e+00
   2.6782733e+00   7.8878372e-01
   1.3551792e+00   2.7689222e+00
   1.3350013e+00   3.6834726e-01
   2.3869426e+00  -2.0157310e+00
   1.4731407e+00  -2.1418864e+00
   9.4348912e-01   2.5138647e+00
   1.1313342e+00   3.0138912e+00
   2.2653072e+00  -7.5350340e-01
   2.2605399e+00  -8.7035795e-01
   2.0358065e+00  -2.4304982e+00
   2.4960643e+00   1.7006548e+00
   1.8623939e+00  -1.0529234e+00
   2.3972969e+00  -1.5643548e+00
   1.4913173e+00  -1.5090479e+00
   2.3741193e+00   7.0949323e-01
   2.1031284e+00   6.6335856e-01
   1.9281952e+00   2.4828716e+00
   9.4165926e-01  -1.1667295e+00
   2.4122169e+00  -3.6073657e-01
   1.6629495e+00   2.4323290e+00
   2.8783600e+00   2.9613708e+00
   1.9386932e+00  -3.0058754e-01
   1.7885652e+00  -2.4895108e-02
   1.0360279e+00  -1.5199773e+00
   1.3646829e+00   3.0407012e+00
   1.9785016e+00   2.0344526e+00
   8.0449773e-01  -1.7310609e-01
   1.5366361e+00  -2.4618121e+00
   2.0559607e+00  -1.9766393e+00
   2.7165422e+00   3.0594898e-01
   1.9669107e+00  -1.6421809e+00
   1.0906105e+00  -1.4126728e+00
   2.7051273e+00   2.7357991e+00
   2.9810314e+00   2.6643733e-01
   1.5140372e+00  -2.6763493e+00
   3.3233901e-01  -3.0021195e+00
   2.8200459e-01  -1.6382622e+00
   1.5732284e+00   3.0313029e+00
   1.4188194e+00   2.5903317e+00
   2.7597417e+00  -9.1394315e-01
   7.1720043e-01   2.3760082e+00
   1.9191044e+00  -9.6845512e-01
   1.7961823e+00  -2.3315900e+00
   1.0195964e+00   3.0613357e+00
   5.5245615e-01   2.4622458e+00
   2.2562940e+00  -2.4782967e-01
   2.6083744e+00   4.3505073e-01
   1.5033923e+00   1.7016604e+00
   2.4222586e+00  -6.9959697e-01
   1.9106943e+00  -1.4224698e+00
   7.8408517e-01   2.3131891e+00
   2.0744316e+00  -2.0431497e+00
   1.1159009e+00   1.2597276e+00
   2.1276892e+00  -3.3771916e-01
   2.0256605e+00  -7.7855427e-01
   2.0050059e+00  -1.1904272e+00
   2.9521503e+00  -1.8700940e-01
   1.1781832e+00  -7.8130820e-01
   1.2921962e+00  -2.3464499e+00
   1.6539160e+00  -1.9506520e+00
   1.3109566e+00  -2.2191054e+00
   9.9028950e-01  -1.5678032e-01
   2.8086932e+00   2.7006437e-01
   1.3703150e+00  -6.2130015e-01
   2.0049071e+00   1.8083952e+00
   1.1643335e+00  -2.1634536e-02
   2.9179627e+00   2.0431863e+00
   3.0938739e+00   1.1981002e+00
   2.4000923e+00   1.1466300e-01
   1.4393483e+00   1.6834917e+00
   6.4732785e-01  -2.9749278e+00
   2.4825726e+00   2.7564837e+00
   3.7328230e-01   2.1468047e+00
   1.9053496e+00   8.1600532e-01
   1.0374833e+00  -1.9258883e+00
   1.5917187e+00   5.9897132e-01
   9.9598447e-01  -7.7227646e-01
   5.8218188e-01   2.0344759e+00
   1.9290942e+00  -2.0978230e+00
   2.6164667e+00  -2.4485612e-01
   2.1991318e+00   1.3940146e+00
   9.3012011e-01  -1.0628365e+00
   1.0806139e+00   2.9362229e+00
   1.4881946e+00   1.0918905e+00
   1.1920688e+00  -9.7241318e-01
   1.3116482e+00  -3.0459025e+00
   2.6873704e+00  -3.0885808e+00
   1.1390547e+00   1.8672668e+00
   2.3133453e-01  -2.4284959e+00
   1.4218640e+00   1.2255107e+00
   1.2998185e+00  -2.8448641e+00
   2.3575097e+00  -2.8878487e+00
   1.8215461e+00  -2.4244205e+00
   1.9412975e+00  -2.7494601e+00
   1.9195969e+00   3.1188135e+00
   5.1755867e-01  -1.5359418e+00
   9.2754151e-01   2.9282675e+00
   2.6742284e+00   1.9996397e+00
   2.3430786e+00   9.9794025e-01
   1.7374583e+00  -2.8590797e+00
   1.0295845e+00  -1.3140960e+00
   1.4077925e+00  -8.5629782e-01
   1.1445454e+00   5.1204338e-01
   1.7645553e+00  -2.1422509e+00
   1.6059624e+00  -2.1808148e+00
   8.9169934e-01   4.0032875e-02
   1.2368891e+00   2.4106553e+00
   2.2705013e+00  -1.6322844e-01
   1.2841970e+00   1.9747135e+00
   1.9734000e+00  -9.3404213e-01
   1.6227920e+00  -7.6817245e-01
   2.0158374e+00   2.4687670e+00
   1.2861988e+00   3.0299760e+00
   2.8647984e+00   2.2352136e+00
   1.8650702e+00  -6.2654754e-01
   1.8197014e+00  -1.4037168e+00
   1.8067855e+00  -2.9128742e+00
   4.6331939e-01  -7.8878372e-01
   1.7864135e+00  -2.7689222e+00
   1.8065914e+00  -3.6834726e-01
   7.5465002e-01   2.0157310e+00
   1.6684519e+00   2.1418864e+00
   2.1981035e+00  -2.5138647e+00
   2.0102584e+00  -3.0138912e+00
   8.7628546e-01   7.5350340e-01
   8.8105279e-01   8.7035795e-01
   1.1057862e+00   2.4304982e+00
   6.4552837e-01  -1.7006548e+00
   1.2791988e+00   1.0529234e+00
   7.4429578e-01   1.5643548e+00
   1.6502753e+00   1.5090479e+00
   7.6747330e-01  -7.0949323e-01
   1.0384643e+00  -6.6335856e-01
   1.2133975e+00  -2.4828716e+00
   2.1999334e+00   1.1667295e+00
   7.2937573e-01   3.6073657e-01
   1.4786432e+00  -2.4323290e+00
   2.6323268e-01  -2.9613708e+00
   1.2028995e+00   3.0058754e-01
   1.3530274e+00   2.4895108e-02
   2.1055648e+00   1.5199773e+00
   1.7769098e+00  -3.0407012e+00
   1.1630910e+00  -2.0344526e+00
   2.3370949e+00   1.7310609e-01
   1.6049566e+00   2.4618121e+00
   1.0856320e+00   1.9766393e+00
   4.2505048e-01  -3.0594898e-01
   1.1746820e+00   1.6421809e+00
   2.0509822e+00   1.4126728e+00
   4.3646539e-01  -2.7357991e+00
   1.6056121e-01  -2.6643733e-01
   1.6275555e+00   2.6763493e+00
   2.8092536e+00   3.0021195e+00
   2.8595881e+00   1.6382622e+00
   1.5683643e+00  -3.0313029e+00
   1.7227732e+00  -2.5903317e+00
   3.8185099e-01   9.1394315e-01
   2.4243922e+00  -2.3760082e+00
   1.2224883e+00   9.6845512e-01
   1.3454104e+00   2.3315900e+00
   2.1219963e+00  -3.0613357e+00
   2.5891365e+00  -2.4622458e+00
   8.8529870e-01   2.4782967e-01
   5.3321823e-01  -4.3505073e-01
   1.6382004e+00  -1.7016604e+00
   7.1933410e-01   6.9959697e-01
   1.2308983e+00   1.4224698e+00
   2.3575075e+00  -2.3131891e+00
   1.0671611e+00   2.0431497e+00
   2.0256917e+00  -1.2597276e+00
   1.0139034e+00   3.3771916e-01
   1.1159321e+00   7.7855427e-01
   1.1365867e+00   1.1904272e+00
   1.8944238e-01   1.8700940e-01
   1.9634094e+00   7.8130820e-01
   1.8493964e+00   2.3464499e+00
   1.4876767e+00   1.9506520e+00
   1.8306361e+00   2.2191054e+00
   2.1513031e+00   1.5678032e-01
   3.3289946e-01  -2.7006437e-01
   1.7712777e+00   6.2130015e-01
   1.1366856e+00  -1.8083952e+00
   1.9772592e+00   2.1634536e-02
   2.2362998e-01  -2.0431863e+00
   4.7718718e-02  -1.1981002e+00
   7.4150032e-01  -1.1466300e-01
   1.7022444e+00  -1.6834917e+00
   2.4942648e+00   2.9749278e+00
   6.5902001e-01  -2.7564837e+00
   2.7683104e+00  -2.1468047e+00
   1.2362431e+00  -8.1600532e-01
   2.1041093e+00   1.9258883e+00
   1.5498740e+00  -5.9897132e-01
   2.1456082e+00   7.7227646e-01
   2.5594108e+00  -2.0344759e+00
   1.0803441e+00  -4.0883774e-01
   2.0787252e+00  -1.4312557e+00
   1.7135547e+00  -2.5057696e+00
   1.9713621e+00   7.0642945e-01
   5.2821683e-01   1.9358294e+00
   2.0479327e+00   3.0485772e+00
   2.1216197e+00   4.4883648e-01
   2.7587740e-01   1.2248912e+00
   1.1172598e+00  -1.5449299e+00
   1.3022412e+00   2.6926533e+00
   1.3965042e+00   1.4179060e+00
   1.9121030e+00   2.9834693e+00
   3.9912221e-01   7.5983005e-01
   8.1816189e-01  -1.3254692e+00
   7.5233152e-01  -3.7160630e-01
   5.3279146e-01  -7.9354734e-01
   3.4951327e-01  -1.6333462e+00
   1.5880383e+00   1.0534988e+00
   6.7291162e-01   1.8460533e+00
   1.3823418e+00  -2.0010736e+00
   1.9695500e+00  -2.2826142e+00
   3.2687229e-01  -5.4294905e-01
   1.7901570e+00   5.5603582e-01
   2.2738536e+00   2.1436506e-01
   2.4877351e+00   2.3941703e+00
   1.0113284e+00  -2.2918741e-01
   9.6120988e-01  -4.2895816e-02
   2.4615037e+00   1.6203392e+00
   7.9058903e-01   2.6623551e+00
   2.4262419e+00  -1.3800944e+00
   1.1842496e+00   2.8314321e+00
   2.1496299e+00  -4.8709627e-01
   2.3720224e+00  -7.4760978e-02
   7.8712407e-01  -2.4883511e+00
   3.0514843e-01   1.9346015e+00
   1.4014882e+00  -1.7908299e+00
   2.4578830e+00  -4.7706006e-01
   1.7326807e+00  -2.5227383e-01
   3.2714662e-01  -8.1479972e-01
   1.8911987e+00   1.2301562e+00
   4.2801289e-01  -5.4154875e-01
   2.7071594e+00  -5.8841608e-01
   1.2715106e+00   2.2745755e+00
   1.0027645e+00  -3.0256690e+00
   8.5625630e-01  -8.8993874e-01
   4.5647552e-01  -1.3062494e+00
   2.1656253e+00   2.2584609e+00
   2.0911812e+00   2.3182469e+00
   8.2684759e-01   2.4862286e+00
   1.4928112e+00   9.2932654e-01
   2.0647784e+00   2.8089762e+00
   1.5751601e+00   2.3150818e+00
   1.6323495e+00  -3.0619625e+00
   2.1255976e+00   1.0096813e+00
   2.3170592e+00   7.6323028e-01
   7.3652597e-01   5.4780122e-01
   1.8942939e+00  -2.4720337e+00
   2.2440239e+00   1.8763907e+00
   7.1419342e-01   1.4095734e-01
   1.3119257e+00   1.5225291e+00
   2.6708876e+00   2.2258149e+00
   2.9224278e+00   1.6828198e+00
   1.6145155e+00  -2.6062576e+00
   2.2916630e-01  -1.1218751e+00
   1.1477238e+00   4.4986405e-01
   2.3598891e+00  -1.7478733e+00
   6.8050198e-01  -3.0872835e+00
   1.2140433e+00   2.6206586e+00
   1.9749243e+00   1.4352962e+00
   1.5049476e+00   2.7445698e+00
   1.7109118e+00  -2.6562449e+00
   1.1718930e+00   1.3886982e+00
   1.7256456e+00   1.5281799e+00
   4.6844112e-01  -3.0156136e+00
   1.2418069e+00  -1.6187415e+00
   1.5520349e+00  -1.8521927e+00
   1.1031649e-01   2.2092616e-02
   5.6973131e-01  -2.8448731e-01
   1.8003507e+00   1.8786867e+00
   1.0771021e+00  -1.0271861e+00
   2.1324084e+00   2.7265295e+00
   8.3381218e-01   2.8350125e+00
   5.5641386e-01  -1.4411177e+00
   1.1502385e+00  -1.2012588e+00
   2.4195435e+00   1.8622106e+00
   2.0498707e+00   1.3269814e+00
   1.4402311e+00  -6.7983599e-02
   2.0991512e+00   2.0843200e+00
   1.7105795e+00   2.7982094e+00
   1.0730875e+00  -9.3701609e-01
   1.1609267e+00   2.5874718e+00
   1.8493344e+00  -4.7459826e-01
   2.4996756e+00   2.0598365e+00
   2.2646974e+00   2.5332668e+00
   1.9143243e+00   2.6784086e+00
   1.7568967e+00   1.6064301e+00
   2.2862650e+00  -2.6100033e+00
   8.3228917e-01  -2.7605384e+00
   1.1923186e+00   3.0521261e+00
   9.4767932e-01  -2.8196750e+00
   2.5426445e+00  -1.8045017e+00
   1.8911897e+00   1.4788081e+00
   2.4928369e+00  -2.8057159e+00
   1.3556015e+00   4.4508448e-01
   2.7345865e+00  -1.6210125e+00
   1.4697151e+00   1.3709729e+00
   1.5881663e+00   1.5263491e+00
   2.3062991e+00   1.4663938e+00
   1.4590772e+00  -1.3227746e-01
   9.3390295e-01  -1.6955605e+00
   9.6733858e-01   1.2876516e+00
   1.3708357e+00  -1.2534474e+00
   2.2746371e+00   4.4526504e-01
   1.2667390e+00  -2.5796511e+00
   2.5423008e+00   3.7098353e-02
   2.2158070e+00  -2.3933291e+00
   1.3223327e+00  -1.0386645e+00
   2.0612486e+00  -2.7327549e+00
   1.0628674e+00  -1.7103369e+00
   1.4280380e+00  -6.3582303e-01
   1.1702305e+00   2.4351632e+00
   2.6133758e+00   1.2057633e+00
   1.0936600e+00   9.3015452e-02
   1.0199729e+00   2.6927562e+00
   2.8657152e+00   1.9167014e+00
   2.0243328e+00  -1.5966627e+00
   1.8393515e+00   4.4893936e-01
   1.7450885e+00   1.7236866e+00
   1.2294897e+00   1.5812331e-01
   2.7424704e+00   2.3817626e+00
   2.3234308e+00  -1.8161235e+00
   2.3892611e+00  -2.7699864e+00
   2.6088012e+00  -2.3480453e+00
   2.7920794e+00  -1.5082465e+00
   1.5535543e+00   2.0880938e+00
   2.4686810e+00   1.2955393e+00
   1.7592508e+00  -1.1405191e+00
   1.1720427e+00  -8.5897843e-01
   2.8147204e+00  -2.5986436e+00
   1.3514357e+00   2.5855568e+00
   8.6773906e-01   2.9272276e+00
   6.5385757e-01   7.4742231e-01
   2.1302642e+00  -2.9124052e+00
   2.1803828e+00  -3.0986968e+00
   6.8008899e-01   1.5212535e+00
   2.3510036e+00   4.7923758e-01
   7.1535071e-01  -1.7614982e+00
   1.9573430e+00   3.1016051e-01
   9.9196277e-01  -2.6544964e+00
   7.6957029e-01  -3.0668317e+00
   2.3544686e+00  -6.5324152e-01
   2.8364442e+00   1.2069911e+00
   1.7401045e+00  -1.3507628e+00
   6.8370965e-01  -2.6645326e+00
   1.4089120e+00  -2.8893188e+00
   2.8144460e+00  -2.3267929e+00
   1.2503940e+00   1.9114365e+00
   2.7135798e+00  -2.6000439e+00
   4.3443328e-01  -2.5531766e+00
   1.8700821e+00   8.6701719e-01
   2.1388282e+00  -1.1592369e-01
   2.2853364e+00  -2.2516539e+00
   2.6851171e+00  -1.8353433e+00
   9.7596734e-01   8.8313179e-01
   1.0504115e+00   8.2334575e-01
   2.3147451e+00   6.5536403e-01
   1.6487815e+00   2.2122661e+00
   1.0768142e+00   3.3261650e-01
   1.5664325e+00   8.2651089e-01
   1.5092431e+00  -7.9630115e-02
   1.0159950e+00   2.1319114e+00
   8.2453343e-01   2.3783624e+00
   2.4050667e+00   2.5937914e+00
   1.2472988e+00  -6.6955898e-01
   8.9756874e-01   1.2652020e+00
   2.4273992e+00   3.0006353e+00
   1.8296669e+00   1.6190636e+00
   4.7070504e-01   9.1577771e-01
   2.1916487e-01   1.4587729e+00
   1.5270772e+00  -5.3533510e-01
   2.9124264e+00  -2.0197176e+00
   1.9938688e+00   2.6917286e+00
   7.8170351e-01  -1.3937194e+00
   2.4610907e+00  -5.4309108e-02
   1.9275494e+00   5.2093401e-01
   1.1666684e+00   1.7062965e+00
   1.6366450e+00   3.9702287e-01
   1.4306808e+00  -4.8534773e-01
   1.9696997e+00   1.7528944e+00
   1.4159471e+00   1.6134127e+00
   2.6731515e+00  -1.2597908e-01
   1.8997857e+00  -1.5228512e+00
   1.5895577e+00  -1.2893999e+00
   3.0312762e+00   3.1195000e+00
   2.5718613e+00  -2.8571053e+00
   1.3412419e+00   1.2629060e+00
   2.0644905e+00  -2.1144066e+00
   1.0091842e+00   4.1506314e-01
   2.3077805e+00   3.0658019e-01
   2.5851788e+00  -1.7004750e+00
   1.9913541e+00  -1.9403339e+00
   7.2204914e-01   1.2793821e+00
   1.0917220e+00   1.8146113e+00
   1.7013615e+00  -3.0736091e+00
   1.0424414e+00   1.0572726e+00
   1.4310132e+00   3.4338327e-01
   2.0685051e+00  -2.2045766e+00
   1.9806660e+00   5.5412088e-01
   1.2922582e+00  -2.6669944e+00
   6.4191705e-01   1.0817562e+00
   8.7689522e-01   6.0832585e-01
   1.2272683e+00   4.6318406e-01
   1.3846960e+00   1.5351626e+00
   8.5532761e-01  -5.3158937e-01
   2.3093035e+00  -3.8105427e-01
   1.9492740e+00   8.9466535e-02
   2.1939133e+00  -3.2191761e-01
   5.9894814e-01  -1.3370909e+00
   1.2504029e+00   1.6627846e+00
   6.4875576e-01  -3.3587679e-01
   1.7859912e+00   2.6965082e+00
   4.0700616e-01  -1.5205802e+00
   1.6718775e+00   1.7706198e+00
   1.5534263e+00   1.6152436e+00
   8.3529356e-01   1.6751989e+00
   1.6825154e+00  -3.0093152e+00
   2.2076897e+00  -1.4460322e+00
   2.1742541e+00   1.8539411e+00
   1.7707569e+00  -1.8881452e+00
   8.6695558e-01   2.6963276e+00
   1.8748537e+00  -5.6194155e-01
   5.9929187e-01   3.1044943e+00
   9.2578568e-01  -7.4826352e-01
   1.8192600e+00  -2.1029282e+00
