   2.2240170e+00   2.3709404e+00
   1.3093740e+00   1.7340875e+00
   1.2851846e+00   1.4312912e+00
   1.6477977e+00  -2.9709784e+00
   1.3317178e+00  -1.5998710e+00
   6.5120997e-01  -8.7174595e-01
   2.0706622e+00   2.9007265e+00
   1.9909478e+00   7.0292813e-02
   1.3150049e+00   9.7102813e-01
   2.4695404e+00   2.2183543e+00
   1.1215512e+00  -1.2600414e+00
   2.6000472e+00   1.0924215e+00
   7.9922385e-01   1.8167232e+00
   1.5576419e+00   3.8513693e-01
   1.2776434e+00  -1.2179310e+00
   1.4845969e-01   1.4367193e+00
   2.0357500e+00  -1.6626166e+00
   8.6940244e-01   1.2436512e+00
   7.8191966e-01   1.1901735e+00
   1.6079859e+00  -1.4703201e-01
   8.5995123e-01  -2.4187010e+00
   1.0022481e+00   1.9059663e+00
   2.0458272e+00  -1.6004709e+00
   2.4246239e+00   2.6936337e+00
   2.5458074e+00  -1.7016715e+00
   1.8885927e+00  -4.7756659e-02
   2.3992236e+00   8.1041013e-01
   2.6098173e+00  -3.6182418e-02
   7.6741139e-01  -1.1461219e+00
   1.8040649e+00  -1.1729385e+00
   1.2593860e+00   2.9773469e+00
   2.3593612e+00   3.0019439e+00
   1.7696103e+00   2.7596440e+00
   1.5048444e+00   1.5901829e+00
   2.8065770e+00  -2.7864894e+00
   5.4022534e-01  -1.3879651e+00
   2.2017514e+00  -1.4244826e+00
   7.4153314e-01  -1.3792572e+00
   7.8982422e-01  -6.6180093e-01
   2.4661566e+00  -1.0518765e+00
   2.0167425e+00  -3.5561807e-01
   1.3405102e+00   1.7839336e+00
   1.0266630e+00   5.1376607e-01
   1.0692444e+00  -3.7780675e-02
   1.5018936e+00   4.1259064e-01
   2.1883873e+00  -3.1363284e+00
   2.1138945e+00  -2.7251485e+00
   3.6123224e-01  -1.9042224e+00
   5.4490176e-01   3.0045988e+00
   1.6237537e+00  -7.4604211e-01
   8.8498618e-01   1.7143085e+00
   1.5008623e+00  -3.1099745e+00
   7.1938206e-01   2.4574916e+00
   2.2208275e+00  -2.5167852e+00
   2.2631573e+00   2.8916130e+00
   2.5846445e+00   1.5557056e+00
   2.0794738e+00   2.8376954e+00
   2.6892441e+00  -1.9252538e+00
   8.3841862e-01   1.9944541e+00
   2.4574355e+00  -1.3911284e+00
   1.6805622e+00  -4.7110056e-01
   9.5831964e-01  -1.3003422e+00
   9.2806600e-01   2.1979172e+00
   2.1849272e+00  -1.9628579e+00
   1.3261379e+00  -1.7695349e+00
   1.0953205e+00  -1.9881063e-01
   2.3270715e+00   2.5158152e+00
   1.7744654e+00   1.8375351e+00
   1.6010060e+00   1.3072933e+00
   1.0457359e+00  -1.9162858e+00
   1.3838210e+00  -2.5094179e+00
   1.2250755e+00   2.6543729e+00
   1.9488706e+00   7.8750712e-01
   1.4418817e+00   2.6022201e+00
   1.8071851e+00   2.2383488e+00
   5.3958899e-01  -3.9065836e-01
   2.1035360e+00  -2.8575527e+00
   9.0311098e-01   2.1237731e+00
   9.3916471e-01  -2.0311014e+00
   1.0649443e+00  -2.1587742e+00
   1.9578404e+00   2.2642378e-01
   8.2882600e-01   5.3733955e-01
   1.5819237e+00   1.2391091e+00
   2.0271286e+00   1.9025176e+00
   1.9552564e+00   3.0661839e+00
   2.0639537e+00   3.0034882e+00
   2.7096559e+00   3.8044658e-01
   1.9085598e-01  -5.4414143e-02
   5.7461854e-01   8.2330423e-01
   5.7405461e-01  -4.8093927e-02
   1.5527020e+00  -2.2636740e+00
   1.7494909e+00  -1.2154608e+00
   1.8099510e+00   2.6289608e+00
   1.6555002e+00   1.6825998e+00
   4.9407500e-01  -2.7628004e+00
   2.1080121e+00   4.9687681e-01
   2.0692060e+00  -2.7781985e+00
   1.5215272e+00   2.2832958e+00
   1.2114159e+00  -7.4568380e-02
   1.2723888e+00  -1.9093375e+00
   8.3059129e-01   2.1118215e-01
   2.4428157e-01  -1.6726093e+00
   1.4761928e+00   3.0620028e+00
   7.3187980e-01   1.4391351e+00
   1.6547678e+00   2.0150493e+00
   1.9710365e+00  -8.1498956e-01
   1.2520141e+00  -1.7665341e+00
   8.0235179e-01   7.2989172e-01
   2.7448890e+00   1.5832496e+00
   3.0518218e-01   1.8532399e+00
   2.0947971e+00   1.1789698e+00
   2.3581593e-01  -6.5723521e-01
   1.7441329e+00  -2.7998718e+00
   1.3529165e+00  -2.5646432e+00
   3.0922695e-01  -4.4457471e-03
   8.3801492e-01  -3.2393004e-01
   9.3710024e-01  -2.5700606e-01
   7.1426059e-01   2.0690823e-01
   1.3154174e+00  -7.4284537e-01
   1.3850207e+00   3.0582829e+00
   2.2884779e+00   1.4967893e+00
   1.0002625e+00  -1.7281420e+00
   9.1752884e-01  -1.2401246e+00
   2.0001732e+00   4.4010426e-01
   2.2363750e+00   4.5429797e-01
   2.1406252e+00   2.5420270e+00
   3.8244286e-01   2.4968908e+00
   2.6123230e+00  -1.7090189e-01
   2.2376175e+00   2.2731979e+00
   1.7976204e+00   1.2298395e+00
   2.0947060e+00   1.9826236e+00
   2.3582638e+00   7.4368769e-01
   3.0103715e+00   3.1228988e-01
   1.3947824e+00   1.3714921e+00
   1.2316204e+00   2.2183591e+00
   2.0358421e+00  -8.3820569e-01
   6.4393573e-01   1.4830470e+00
   1.7661735e+00   1.2992757e+00
   1.9352350e+00  -2.9986988e+00
   1.8074304e+00   1.8981576e+00
   8.0319783e-01  -1.0195053e-01
   2.7559811e+00  -2.3422132e+00
   1.1226093e+00  -3.5916305e-01
   2.0028298e+00  -6.4023171e-01
   2.3328769e+00  -1.2602767e+00
   2.5091077e+00  -4.3724451e-02
   7.8074699e-01   2.6548090e+00
   1.9480917e+00  -1.1987526e+00
   6.2780313e-01   1.7932208e+00
   2.1665012e+00   2.6956396e+00
   2.4552451e+00  -1.7785737e+00
   1.5109694e+00  -2.5538568e+00
   1.9708607e+00  -1.4203540e+00
   7.6151067e-01   2.1765321e+00
   2.2129653e+00  -1.6198880e+00
   4.7551543e-01   1.7842826e+00
   6.5315368e-01   2.0448312e+00
   1.8277151e+00   1.1374481e+00
   1.1224437e+00   2.0395140e-01
   1.3094920e+00   3.4194249e-01
   3.0448928e+00  -4.2309881e-01
   1.7202286e+00  -1.2881717e+00
   1.1077650e+00  -2.1064256e+00
   1.0986761e+00  -1.0547174e+00
   8.2896441e-01   2.1686581e+00
   1.8851587e+00  -2.7289819e+00
   2.5762634e+00  -1.4567923e+00
   1.3774682e+00   3.1097647e+00
   2.3074651e+00  -1.3461552e+00
   2.3143250e+00   2.0104506e+00
   2.2509502e+00   1.6644405e+00
   1.7896480e+00  -2.6988212e+00
   1.9536161e+00  -1.2625374e+00
   8.7483700e-01   6.3156607e-01
   1.7076391e+00  -2.1000722e-01
   5.5839745e-01   1.8659701e+00
   2.0783844e+00   1.2611784e+00
   5.5301761e-01   2.3674261e+00
   1.4243971e+00   1.1569076e+00
   2.1636105e+00   1.3936852e+00
   1.4648427e+00  -2.1699379e+00
   2.2224507e+00  -2.3849132e+00
   2.5573453e+00   2.4598457e+00
   1.1871918e+00  -3.4630183e-01
   7.6362891e-01  -1.7402922e-01
   1.4356430e+00  -3.0105584e+00
   1.5418131e+00   1.6824267e+00
   2.6769139e+00  -7.1394960e-02
   7.9573164e-01   1.5924910e+00
   9.6337520e-01   5.2498125e-01
   7.0537941e-01  -1.1500882e+00
   5.0632760e-01  -1.6755636e+00
   8.5636428e-01  -7.4033174e-01
   1.8055328e+00  -4.3962986e-01
   1.6290437e+00  -2.2299677e+00
   2.2465951e+00  -2.3012929e+00
   1.1446918e+00  -2.5617565e+00
   7.8295083e-01  -2.0816573e+00
   2.1232119e+00   1.3265741e+00
   2.0252512e+00   2.6871655e+00
   7.7174193e-01  -5.7386431e-01
   1.9679487e+00  -2.6268169e+00
   6.1776580e-01  -1.9136884e+00
   1.5680067e+00   7.0063530e-01
   1.3174864e+00  -1.5270042e+00
   5.6428718e-01  -1.8495877e+00
   2.1603192e+00   1.8983596e+00
   6.1650434e-01  -1.2340922e+00
   1.6898860e+00  -1.3616010e+00
   2.8798060e+00  -2.2394506e+00
   1.8612759e+00  -2.7852405e+00
   1.2563081e+00   1.1755295e+00
   4.5472148e-01  -1.5845862e+00
   1.3105682e+00   1.1226762e+00
   2.6519329e+00   3.0802970e-01
   2.9431668e+00   1.8820223e+00
   1.9184507e+00  -1.4560886e+00
   2.6931938e+00  -2.5780436e+00
   1.8982524e+00  -1.6334101e+00
   1.6570014e+00  -1.3006084e+00
   1.8195916e+00  -2.7949619e-01
   6.8657829e-01   2.8722821e+00
   1.5395158e+00   3.1310288e+00
   1.3327342e+00  -1.4721127e+00
   1.6095098e+00  -2.7410902e+00
   1.7344148e+00   2.2126129e+00
   7.0868049e-01  -2.8172809e+00
   3.2939155e-01  -2.9742613e+00
   2.0907625e+00   1.7656944e+00
   1.6934859e+00  -1.7087901e+00
   1.4720535e+00  -3.9226223e-01
   2.3229900e+00  -3.2468275e-02
   2.6719408e-01  -2.8325299e+00
   1.2168875e+00  -2.5152131e+00
   1.0659420e+00  -2.7626869e+00
   1.4552238e+00   1.8169091e+00
   1.3710046e+00  -8.5979207e-01
   1.9613634e-01   4.4841117e-01
   1.7638833e+00  -2.4168242e+00
   1.2754289e+00   8.8853474e-01
   9.5113251e-01   1.6842502e+00
   8.5620235e-01   8.1675787e-01
   1.9453820e+00   6.1080224e-01
   8.2973965e-01   2.3218570e+00
   2.1534325e+00  -2.5683416e+00
   6.3836908e-01  -2.4231694e+00
   8.8059278e-01   1.1590459e+00
   2.1770030e+00  -8.3235415e-01
   1.7284921e+00   2.6478528e-01
   1.4369774e+00   2.8826168e-01
   2.9545612e+00  -2.7150739e+00
   1.5990438e+00   2.9024168e+00
   1.1701087e+00   2.0988936e+00
   2.5911837e+00  -1.1589813e+00
   4.2564544e-01  -1.4148611e+00
   9.9311164e-01   3.0681115e-01
   1.9558118e+00  -1.0053675e+00
   1.2917523e+00   2.6728554e+00
   1.3312255e+00  -1.0803148e+00
   1.7462070e+00   7.8684563e-01
   3.8535029e-01   3.5002037e-02
   1.2335981e+00   2.8303766e+00
   1.5510224e+00   1.4236498e+00
   1.6528459e+00  -2.6749449e+00
   1.3227751e+00   7.2836726e-01
   1.3059366e+00   8.2596042e-01
   1.5162946e-01  -2.8928848e+00
   2.1752093e+00   2.2259436e+00
   1.8516580e+00   5.9482774e-01
   1.5971844e+00  -2.6663827e+00
   2.2046675e+00  -1.2097789e+00
   1.6440943e+00  -2.1625987e+00
   3.2124434e-01  -1.7149160e+00
   1.0861171e+00  -9.8412068e-01
   1.0394059e+00  -1.5920747e+00
   1.2806861e+00   2.2918707e+00
   1.1842942e+00  -2.8893579e+00
   2.7907739e+00   1.1007900e+00
   2.3434001e+00  -1.4333519e+00
   2.7132637e+00  -4.9555207e-01
   1.5901407e+00   6.5964309e-02
   1.8841717e+00  -1.6912537e+00
   1.4771471e+00   2.1036376e+00
   1.4528007e+00  -2.5055124e+00
   1.4418598e+00   2.3031445e+00
   9.7605962e-01   2.1257940e+00
   1.2555171e+00  -2.1786136e+00
   5.6282065e-01  -2.2002574e+00
   1.7782237e+00   2.3542491e-01
   7.3007972e-01   8.8863142e-01
   5.0285186e-01   1.6395740e+00
   4.1797852e-01   1.7043687e-01
   2.5239822e+00  -1.5782077e+00
   2.4701782e+00  -2.1611789e+00
   1.6867263e+00   1.9136963e+00
   2.1100291e+00   1.4882104e+00
   7.4755772e-01  -3.0636544e+00
   1.6817077e+00   6.9087980e-01
   3.0648538e+00   1.9947316e+00
   2.1067424e+00   1.0651966e+00
   2.2726953e+00  -2.2265998e+00
   2.4125546e+00  -1.2808997e+00
   1.5628196e+00  -1.0138992e+00
   2.5559708e+00  -1.0782709e+00
   1.7230864e+00  -1.9984179e+00
   1.8814559e+00   7.7856001e-01
   1.4576110e+00  -2.2470186e+00
   4.8278235e-01  -2.9033812e+00
   1.3504118e+00   2.5115922e+00
   2.0597744e+00   7.4632703e-01
   1.8883842e+00  -2.4898375e+00
   1.7635409e+00   2.8922210e+00
   5.1241675e-01   1.9370817e+00
   2.2013117e+00  -1.0151670e+00
   1.8318916e+00  -2.1092000e-01
   1.3074164e+00  -3.1288951e-02
   1.8681991e+00   2.5897223e+00
   2.4859947e+00   2.8317409e+00
   2.5523365e+00   6.5576969e-01
   8.5557897e-01  -5.1088300e-01
   2.5885137e+00   2.4723892e-01
   2.2166113e+00  -2.9762594e-01
   1.0757479e+00   1.7950104e+00
   2.5443737e+00  -2.0144861e+00
   1.9959215e+00   7.4731179e-01
   1.9374737e+00   2.4568041e+00
   2.0774027e+00   2.5542425e+00
   4.4550689e-01  -1.0673657e+00
   8.8504305e-01   1.0615585e+00
   1.2391304e+00  -1.1768786e-02
   1.8674760e+00  -4.7888450e-01
   2.7501684e+00  -1.3866998e+00
   2.6310015e+00  -1.3200415e+00
   1.1715784e+00  -1.4012660e+00
   1.3802263e+00   1.5813040e+00
   1.1923447e+00   1.1274485e+00
   9.9748931e-01   1.6018769e+00
   2.2635381e+00   3.1180773e+00
   1.2213634e+00  -2.9512680e+00
   2.5804616e+00  -4.6133651e-01
   1.6821973e+00  -8.5233441e-02
   2.0270645e+00   1.7674091e+00
   7.1476662e-01  -8.9589027e-01
   2.5339292e+00  -2.1493556e+00
   2.2822480e+00   6.5068678e-02
   3.6670589e-01   1.7665538e+00
   1.8938187e+00   2.8263646e+00
   7.6421266e-01   1.3452283e+00
   1.5953807e+00   1.8138623e+00
   3.0180392e+00   8.7336749e-01
   1.4829522e+00   8.4323584e-01
   2.0133728e+00  -9.2949220e-02
   8.8709152e-01  -2.6149816e+00
   1.7565542e+00   2.8170277e+00
   1.0053096e+00   9.6695557e-01
   1.5756079e+00  -1.1741203e+00
   1.6546356e+00   1.2770096e+00
   1.2338163e+00  -5.5879630e-01
   1.3847588e+00   1.7165536e+00
   2.7599676e+00  -2.6601091e+00
   2.5292703e+00   2.7560291e+00
   1.2615725e+00   1.5722166e+00
   7.8885508e-01   1.9107499e+00
   6.7712582e-01   1.9038405e+00
   8.7488255e-01   1.3945397e+00
   7.7751497e-01   2.7732204e+00
   2.9381891e+00   1.1539802e+00
   1.5150665e+00  -7.1903977e-01
   1.7030600e+00   2.5653943e+00
   1.3100230e+00   2.4612595e+00
   6.0485816e-01  -8.2139708e-01
   7.8586255e-01  -1.0610984e+00
   2.3394019e+00  -8.4875103e-01
   1.8736878e+00   1.3336114e+00
   1.0500271e+00  -1.6699509e+00
   2.1032662e+00  -8.0074813e-01
   1.2389133e+00  -2.4016637e-01
   1.9247342e+00  -5.6252930e-01
   1.0247222e+00  -9.7758924e-01
   1.4459561e+00  -1.5302693e+00
   1.3746119e+00   1.7949346e-01
   2.1759361e+00   4.1648545e-01
   9.3007704e-01  -2.5479132e+00
   1.5181595e+00   9.2871043e-01
   1.3045685e+00  -2.0260904e-01
   2.7513095e+00  -1.9280804e+00
   1.8887094e+00  -2.4937566e-01
   7.7296428e-01   1.6758711e+00
   1.8361149e+00  -1.8539978e+00
   5.6660595e-01   2.2020406e+00
   7.5500157e-01  -2.4842581e+00
   1.3479179e+00  -2.3550173e+00
   9.3901167e-01  -1.6028220e+00
   2.2421635e+00   1.1368104e+00
   1.2260566e+00  -2.7393986e+00
   1.7007321e+00   9.5480350e-01
   2.4140321e+00  -1.0041102e+00
   1.7018980e+00  -2.2465086e+00
   2.5511770e+00   3.0339833e+00
   1.4323135e+00  -2.7374373e+00
   1.9745492e+00   9.0606288e-01
   1.6101032e+00  -2.4988454e+00
   1.6679417e+00   1.1045646e+00
   1.8518833e+00   9.7306078e-01
   1.1525820e+00  -2.8178085e-01
   4.8967697e-01   1.1722676e+00
   4.2721250e-01   6.7321968e-01
   1.4826466e+00  -1.6106033e+00
   1.2914064e+00  -2.9860842e+00
   2.0450115e+00   2.6156085e+00
   1.1157649e+00   2.6107128e+00
   1.9987067e+00   8.3693799e-01
   2.6284041e+00  -2.4602835e+00
   1.5098195e+00  -2.1331837e+00
   2.9456944e+00   1.4096577e+00
   1.4050402e+00  -2.3922465e+00
   1.8894594e+00  -7.9344538e-01
   1.6435603e+00  -6.8230192e-01
   2.6509183e+00  -2.6627672e+00
   1.2855034e+00  -2.7417513e+00
   9.0281429e-01   9.5556460e-01
   2.5010506e-01  -2.5578347e+00
   1.7255433e+00   1.0320688e+00
   1.3012661e+00  -5.2854477e-01
   1.9557985e+00   1.1633972e+00
   1.1616016e+00   1.5968166e-01
   1.4241470e+00  -6.0014150e-01
   2.1661134e+00   3.0135142e+00
   2.1872183e+00  -2.3035930e+00
   2.0133855e+00  -1.1759847e+00
   5.1096996e-01   2.2700353e+00
   8.2153034e-01   1.7350752e+00
   2.9536256e+00   2.3362353e+00
   1.6823796e+00   2.9164640e-02
   1.1073942e+00  -1.6065403e+00
   1.5862939e+00   7.7518234e-01
   7.8052417e-01   9.4607813e-01
   1.3028211e+00   2.2315249e+00
   1.6215341e+00   2.0747954e+00
   9.7916179e-01   2.2318350e+00
   4.9473886e-01  -2.6296629e+00
   2.2286544e+00  -3.0679584e+00
   2.1183327e+00  -2.3194246e+00
   2.4368067e+00   2.4497241e+00
   1.9229046e+00   2.2856848e+00
   1.3634785e+00  -5.6596140e-01
   2.5103826e+00  -8.3883855e-01
   9.4508962e-01   2.0567899e+00
   2.5025319e+00  -2.4359772e+00
   1.7667879e+00   2.1605357e+00
   7.0063991e-01   4.3270246e-03
   1.5284025e+00   2.8880499e+00
   1.7185104e+00   2.1174420e+00
   1.8415208e+00  -6.1502584e-01
   1.3785950e+00   2.1603114e+00
   1.3631045e+00  -3.0198746e+00
   1.7319350e+00  -1.7780159e+00
   2.6858040e+00  -2.4331083e+00
   1.1959072e+00   3.3886493e-01
   1.5768528e+00   2.0254803e+00
   1.1388003e+00   2.8726467e-01
   1.1060582e+00  -1.4105999e+00
   1.6311982e+00  -1.3816720e+00
   1.4629787e+00  -2.7918210e+00
   1.9460249e+00  -1.8223420e+00
   1.6300790e+00  -2.8135387e+00
   1.3016367e+00  -3.0521593e+00
   3.7200853e-01  -2.3973321e+00
   2.2281770e+00   1.3560892e+00
   3.1085771e+00   1.2452119e+00
   1.4749046e+00   2.9024104e+00
   2.7393242e+00  -3.0425723e+00
   2.2026681e+00  -2.0326154e-01
   2.2356002e+00   1.8374549e+00
   1.8954171e+00   1.6276698e+00
   1.7396686e+00  -5.2824755e-01
   1.7077462e+00  -3.0177376e+00
   4.0387397e-01   2.8880279e+00
   7.5275678e-01  -1.6054757e+00
   1.8250430e+00   1.6538670e+00
   2.4340263e+00   2.5792243e+00
   2.5203637e+00   2.1606622e+00
   1.8152337e+00   1.1912991e-01
   8.7680087e-01   2.8804507e+00
   1.3942662e+00   1.4848692e+00
   2.3960802e+00  -2.8548000e+00
   9.2323383e-01   3.7361024e-01
   1.6630891e+00   6.2271633e-01
   1.0273253e+00   8.7200842e-01
   7.0380547e-01  -6.0092421e-01
   2.0983893e+00   8.9676067e-01
   2.3483404e+00  -2.2594562e+00
   2.0360056e+00   2.0251137e+00
   1.2570632e+00   7.3335673e-01
   9.6458970e-01   8.3235415e-01
   1.4131005e+00  -2.6478528e-01
   1.7046153e+00  -2.8826168e-01
   1.8703147e-01   2.7150739e+00
   1.5425489e+00  -2.9024168e+00
   1.9714840e+00  -2.0988936e+00
   5.5040892e-01   1.1589813e+00
   2.7159472e+00   1.4148611e+00
   2.1484810e+00  -3.0681115e-01
   1.1857809e+00   1.0053675e+00
   1.8498404e+00  -2.6728554e+00
   1.8103672e+00   1.0803148e+00
   1.3953856e+00  -7.8684563e-01
   2.7562424e+00  -3.5002037e-02
   1.9079946e+00  -2.8303766e+00
   1.5905702e+00  -1.4236498e+00
   1.4887467e+00   2.6749449e+00
   1.8188176e+00  -7.2836726e-01
   1.8356561e+00  -8.2596042e-01
   2.9899632e+00   2.8928848e+00
   9.6638337e-01  -2.2259436e+00
   1.2899347e+00  -5.9482774e-01
   1.5444082e+00   2.6663827e+00
   9.3692513e-01   1.2097789e+00
   1.4974984e+00   2.1625987e+00
   2.8203483e+00   1.7149160e+00
   2.0554755e+00   9.8412068e-01
   2.1021867e+00   1.5920747e+00
   1.8609066e+00  -2.2918707e+00
   1.9572985e+00   2.8893579e+00
   3.5081876e-01  -1.1007900e+00
   7.9819252e-01   1.4333519e+00
   4.2832896e-01   4.9555207e-01
   1.5514519e+00  -6.5964309e-02
   1.2574210e+00   1.6912537e+00
   1.6644456e+00  -2.1036376e+00
   1.6887920e+00   2.5055124e+00
   1.6997329e+00  -2.3031445e+00
   2.1655330e+00  -2.1257940e+00
   1.8860755e+00   2.1786136e+00
   2.5787720e+00   2.2002574e+00
   1.3633689e+00  -2.3542491e-01
   2.4115129e+00  -8.8863142e-01
   2.6387408e+00  -1.6395740e+00
   2.7236141e+00  -1.7043687e-01
   6.1761049e-01   1.5782077e+00
   6.7141450e-01   2.1611789e+00
   1.4548663e+00  -1.9136963e+00
   1.0315635e+00  -1.4882104e+00
   2.3940349e+00   3.0636544e+00
   1.4598850e+00  -6.9087980e-01
   7.6738836e-02  -1.9947316e+00
   1.0348502e+00  -1.0651966e+00
   8.6889732e-01   2.2265998e+00
   7.2903808e-01   1.2808997e+00
   1.5787730e+00   1.0138992e+00
   5.8562189e-01   1.0782709e+00
   1.4185063e+00   1.9984179e+00
   1.2601368e+00  -7.7856001e-01
   1.6839816e+00   2.2470186e+00
   2.6588103e+00   2.9033812e+00
   1.7911809e+00  -2.5115922e+00
   1.0818182e+00  -7.4632703e-01
   1.2532084e+00   2.4898375e+00
   1.3780518e+00  -2.8922210e+00
   2.6291759e+00  -1.9370817e+00
   9.4028092e-01   1.0151670e+00
   1.3097010e+00   2.1092000e-01
   1.8341763e+00   3.1288951e-02
   1.2733935e+00  -2.5897223e+00
   6.5559791e-01  -2.8317409e+00
   5.8925612e-01  -6.5576969e-01
   2.2860137e+00   5.1088300e-01
   5.5307893e-01  -2.4723892e-01
   9.2498133e-01   2.9762594e-01
   2.0658447e+00  -1.7950104e+00
   5.9721892e-01   2.0144861e+00
   1.1456712e+00  -7.4731179e-01
   1.2041189e+00  -2.4568041e+00
   1.0641900e+00  -2.5542425e+00
   2.6960858e+00   1.0673657e+00
   2.2565496e+00  -1.0615585e+00
   1.9024623e+00   1.1768786e-02
   1.2741167e+00   4.7888450e-01
   3.9142425e-01   1.3866998e+00
   5.1059118e-01   1.3200415e+00
   1.9700143e+00   1.4012660e+00
   1.7613664e+00  -1.5813040e+00
   1.9492480e+00  -1.1274485e+00
   2.1441033e+00  -1.6018769e+00
   8.7805453e-01  -3.1180773e+00
   1.9202293e+00   2.9512680e+00
   5.6113102e-01   4.6133651e-01
   1.4593953e+00   8.5233441e-02
   1.1145281e+00  -1.7674091e+00
   2.4268260e+00   8.9589027e-01
   6.0766343e-01   2.1493556e+00
   8.5934469e-01  -6.5068678e-02
   2.7748868e+00  -1.7665538e+00
   1.2477740e+00  -2.8263646e+00
   2.3773800e+00  -1.3452283e+00
   1.5462120e+00  -1.8138623e+00
   1.2355343e-01  -8.7336749e-01
   1.6586405e+00  -8.4323584e-01
   1.1282198e+00   9.2949220e-02
   2.2545011e+00   2.6149816e+00
   1.3850385e+00  -2.8170277e+00
   2.1362830e+00  -9.6695557e-01
   1.5659847e+00   1.1741203e+00
   1.4869570e+00  -1.2770096e+00
   1.9077764e+00   5.5879630e-01
   1.7568339e+00  -1.7165536e+00
   3.8162507e-01   2.6601091e+00
   6.1232239e-01  -2.7560291e+00
   1.8800201e+00  -1.5722166e+00
   2.3527376e+00  -1.9107499e+00
   2.4644668e+00  -1.9038405e+00
   2.2667101e+00  -1.3945397e+00
   2.3640777e+00  -2.7732204e+00
   2.0340359e-01  -1.1539802e+00
   1.6265262e+00   7.1903977e-01
   1.4385327e+00  -2.5653943e+00
   1.8315697e+00  -2.4612595e+00
   2.5367345e+00   8.2139708e-01
   2.3557301e+00   1.0610984e+00
   8.0219074e-01   8.4875103e-01
   1.2679049e+00  -1.3336114e+00
   2.0915655e+00   1.6699509e+00
   1.0383265e+00   8.0074813e-01
   1.9026793e+00   2.4016637e-01
   1.2168585e+00   5.6252930e-01
   2.1168705e+00   9.7758924e-01
   1.6956366e+00   1.5302693e+00
   1.7669807e+00  -1.7949346e-01
   9.6565654e-01  -4.1648545e-01
   2.2115156e+00   2.5479132e+00
   1.6234332e+00  -9.2871043e-01
   1.8370242e+00   2.0260904e-01
   3.9028314e-01   1.9280804e+00
   1.2528833e+00   2.4937566e-01
   2.3686284e+00  -1.6758711e+00
   1.3054777e+00   1.8539978e+00
   2.5749867e+00  -2.2020406e+00
   2.3865911e+00   2.4842581e+00
   1.7936747e+00   2.3550173e+00
   2.2025810e+00   1.6028220e+00
   8.9942912e-01  -1.1368104e+00
   1.9155360e+00   2.7393986e+00
   1.4408605e+00  -9.5480350e-01
   7.2756055e-01   1.0041102e+00
   1.4396946e+00   2.2465086e+00
   5.9041569e-01  -3.0339833e+00
   1.7092792e+00   2.7374373e+00
   1.1670435e+00  -9.0606288e-01
   1.5314895e+00   2.4988454e+00
   1.4736510e+00  -1.1045646e+00
   1.2897093e+00  -9.7306078e-01
   1.9890107e+00   2.8178085e-01
   2.6519157e+00  -1.1722676e+00
   2.7143802e+00  -6.7321968e-01
   1.6589460e+00   1.6106033e+00
   1.8501862e+00   2.9860842e+00
   1.0965811e+00  -2.6156085e+00
   2.0258277e+00  -2.6107128e+00
   1.1428859e+00  -8.3693799e-01
   5.1318855e-01   2.4602835e+00
   1.6317732e+00   2.1331837e+00
   1.9589822e-01  -1.4096577e+00
   1.7365525e+00   2.3922465e+00
   1.2521333e+00   7.9344538e-01
   1.4980324e+00   6.8230192e-01
   4.9067437e-01   2.6627672e+00
   1.8560892e+00   2.7417513e+00
   2.2387784e+00  -9.5556460e-01
   2.8914876e+00   2.5578347e+00
   1.4160493e+00  -1.0320688e+00
   1.8403265e+00   5.2854477e-01
   1.1857942e+00  -1.1633972e+00
   1.9799910e+00  -1.5968166e-01
   1.7174456e+00   6.0014150e-01
   9.7547926e-01  -3.0135142e+00
   9.5437433e-01   2.3035930e+00
   1.1282072e+00   1.1759847e+00
   2.6306227e+00  -2.2700353e+00
   2.3200623e+00  -1.7350752e+00
   1.8796705e-01  -2.3362353e+00
   1.4592130e+00  -2.9164640e-02
   2.0341985e+00   1.6065403e+00
   1.5552988e+00  -7.7518234e-01
   2.3610685e+00  -9.4607813e-01
   1.8387716e+00  -2.2315249e+00
   1.5200586e+00  -2.0747954e+00
   2.1624309e+00  -2.2318350e+00
   2.6468538e+00   2.6296629e+00
   9.1293827e-01   3.0679584e+00
   1.0232599e+00   2.3194246e+00
   7.0478594e-01  -2.4497241e+00
   1.2186880e+00  -2.2856848e+00
   1.7781142e+00   5.6596140e-01
   6.3121008e-01   8.3883855e-01
   2.1965030e+00  -2.0567899e+00
   6.3906074e-01   2.4359772e+00
   1.3748047e+00  -2.1605357e+00
   2.4409527e+00  -4.3270246e-03
   1.6131901e+00  -2.8880499e+00
   1.4230823e+00  -2.1174420e+00
   1.3000719e+00   6.1502584e-01
   1.7629977e+00  -2.1603114e+00
   1.7784882e+00   3.0198746e+00
   1.4096577e+00   1.7780159e+00
   4.5578862e-01   2.4331083e+00
   1.9456855e+00  -3.3886493e-01
   1.5647398e+00  -2.0254803e+00
   2.0027924e+00  -2.8726467e-01
   2.0355345e+00   1.4105999e+00
   1.5103944e+00   1.3816720e+00
   1.6786140e+00   2.7918210e+00
   1.1955677e+00   1.8223420e+00
   1.5115137e+00   2.8135387e+00
   1.8399559e+00   3.0521593e+00
   2.7695841e+00   2.3973321e+00
   9.1341569e-01  -1.3560892e+00
   3.3015568e-02  -1.2452119e+00
   1.6666880e+00  -2.9024104e+00
   4.0226850e-01   3.0425723e+00
   9.3892458e-01   2.0326154e-01
   9.0599243e-01  -1.8374549e+00
   1.2461755e+00  -1.6276698e+00
   1.4019241e+00   5.2824755e-01
   1.4338464e+00   3.0177376e+00
   2.7377187e+00  -2.8880279e+00
   2.3888359e+00   1.6054757e+00
   1.3165497e+00  -1.6538670e+00
   7.0756631e-01  -2.5792243e+00
   6.2122894e-01  -2.1606622e+00
   1.3263590e+00  -1.1912991e-01
   2.2647918e+00  -2.8804507e+00
   1.7473264e+00  -1.4848692e+00
   7.4551243e-01   2.8548000e+00
   2.2183588e+00  -3.7361024e-01
   1.4785035e+00  -6.2271633e-01
   2.1142674e+00  -8.7200842e-01
   2.4377872e+00   6.0092421e-01
   1.0432033e+00  -8.9676067e-01
   7.9325228e-01   2.2594562e+00
   1.1055870e+00  -2.0251137e+00
   1.8845294e+00  -7.3335673e-01
   2.1770030e+00   2.3092385e+00
   1.7284921e+00  -2.8768074e+00
   1.4369774e+00  -2.8533310e+00
   2.9545612e+00   4.2651879e-01
   1.5990438e+00  -2.3917583e-01
   1.1701087e+00  -1.0426990e+00
   2.5911837e+00   1.9826114e+00
   4.2564544e-01   1.7267316e+00
   9.9311164e-01  -2.8347815e+00
   1.9558118e+00   2.1362251e+00
   1.2917523e+00  -4.6873727e-01
   1.3312255e+00   2.0612778e+00
   1.7462070e+00  -2.3547470e+00
   3.8535029e-01  -3.1065906e+00
   1.2335981e+00  -3.1121607e-01
   1.5510224e+00  -1.7179428e+00
   1.6528459e+00   4.6664772e-01
   1.3227751e+00  -2.4132254e+00
   1.3059366e+00  -2.3156322e+00
   1.5162946e-01   2.4870788e-01
   2.1752093e+00  -9.1564904e-01
   1.8516580e+00  -2.5467649e+00
   1.5971844e+00   4.7520996e-01
   2.2046675e+00   1.9318138e+00
   1.6440943e+00   9.7899391e-01
   3.2124434e-01   1.4266766e+00
   1.0861171e+00   2.1574720e+00
   1.0394059e+00   1.5495179e+00
   1.2806861e+00  -8.4972194e-01
   1.1842942e+00   2.5223476e-01
   2.7907739e+00  -2.0408026e+00
   2.3434001e+00   1.7082408e+00
   2.7132637e+00   2.6460406e+00
   1.5901407e+00  -3.0756283e+00
   1.8841717e+00   1.4503390e+00
   1.4771471e+00  -1.0379550e+00
   1.4528007e+00   6.3608027e-01
   1.4418598e+00  -8.3844819e-01
   9.7605962e-01  -1.0157986e+00
   1.2555171e+00   9.6297910e-01
   5.6282065e-01   9.4133529e-01
   1.7782237e+00  -2.9061677e+00
   7.3007972e-01  -2.2529612e+00
   5.0285186e-01  -1.5020187e+00
   4.1797852e-01  -2.9711558e+00
   2.5239822e+00   1.5633849e+00
   2.4701782e+00   9.8041373e-01
   1.6867263e+00  -1.2278964e+00
   2.1100291e+00  -1.6533822e+00
   7.4755772e-01   7.7938249e-02
   1.6817077e+00  -2.4507129e+00
   3.0648538e+00  -1.1468611e+00
   2.1067424e+00  -2.0763961e+00
   2.2726953e+00   9.1499281e-01
   2.4125546e+00   1.8606929e+00
   1.5628196e+00   2.1276934e+00
   2.5559708e+00   2.0633218e+00
   1.7230864e+00   1.1431747e+00
   1.8814559e+00  -2.3630326e+00
   1.4576110e+00   8.9457410e-01
   4.8278235e-01   2.3821141e-01
   1.3504118e+00  -6.3000042e-01
   2.0597744e+00  -2.3952656e+00
   1.8883842e+00   6.5175518e-01
   1.7635409e+00  -2.4937164e-01
   5.1241675e-01  -1.2045109e+00
   2.2013117e+00   2.1264256e+00
   1.8318916e+00   2.9306727e+00
   1.3074164e+00   3.1103037e+00
   1.8681991e+00  -5.5187033e-01
   2.4859947e+00  -3.0985173e-01
   2.5523365e+00  -2.4858230e+00
   8.5557897e-01   2.6307096e+00
   2.5885137e+00  -2.8943537e+00
   2.2166113e+00   2.8439667e+00
   1.0757479e+00  -1.3465822e+00
   2.5443737e+00   1.1271066e+00
   1.9959215e+00  -2.3942809e+00
   1.9374737e+00  -6.8478854e-01
   2.0774027e+00  -5.8735016e-01
   4.4550689e-01   2.0742269e+00
   8.8504305e-01  -2.0800341e+00
   1.2391304e+00   3.1298239e+00
   1.8674760e+00   2.6627082e+00
   2.7501684e+00   1.7548929e+00
   2.6310015e+00   1.8215511e+00
   1.1715784e+00   1.7403266e+00
   1.3802263e+00  -1.5602887e+00
   1.1923447e+00  -2.0141442e+00
   9.9748931e-01  -1.5397158e+00
   2.2635381e+00  -2.3515335e-02
   1.2213634e+00   1.9032461e-01
   2.5804616e+00   2.6802561e+00
   1.6821973e+00   3.0563592e+00
   2.0270645e+00  -1.3741835e+00
   7.1476662e-01   2.2457024e+00
   2.5339292e+00   9.9223702e-01
   2.2822480e+00  -3.0765240e+00
   3.6670589e-01  -1.3750389e+00
   1.8938187e+00  -3.1522804e-01
   7.6421266e-01  -1.7963644e+00
   1.5953807e+00  -1.3277304e+00
   3.0180392e+00  -2.2682252e+00
   1.4829522e+00  -2.2983568e+00
   2.0133728e+00   3.0486434e+00
   8.8709152e-01   5.2661106e-01
   1.7565542e+00  -3.2456498e-01
   1.0053096e+00  -2.1746371e+00
   1.5756079e+00   1.9674724e+00
   1.6546356e+00  -1.8645830e+00
   1.2338163e+00   2.5827964e+00
   1.3847588e+00  -1.4250390e+00
   2.7599676e+00   4.8148360e-01
   2.5292703e+00  -3.8556356e-01
   1.2615725e+00  -1.5693760e+00
   7.8885508e-01  -1.2308427e+00
   6.7712582e-01  -1.2377521e+00
   8.7488255e-01  -1.7470530e+00
   7.7751497e-01  -3.6837224e-01
   2.9381891e+00  -1.9876125e+00
   1.5150665e+00   2.4225529e+00
   1.7030600e+00  -5.7619836e-01
   1.3100230e+00  -6.8033319e-01
   6.0485816e-01   2.3201956e+00
   7.8586255e-01   2.0804943e+00
   2.3394019e+00   2.2928416e+00
   1.8736878e+00  -1.8079812e+00
   1.0500271e+00   1.4716418e+00
   2.1032662e+00   2.3408445e+00
   1.2389133e+00   2.9014263e+00
   1.9247342e+00   2.5790634e+00
   1.0247222e+00   2.1640034e+00
   1.4459561e+00   1.6113233e+00
   1.3746119e+00  -2.9620992e+00
   2.1759361e+00  -2.7251072e+00
   9.3007704e-01   5.9367949e-01
   1.5181595e+00  -2.2128822e+00
   1.3045685e+00   2.9389836e+00
   2.7513095e+00   1.2135122e+00
   1.8887094e+00   2.8922170e+00
   7.7296428e-01  -1.4657216e+00
   1.8361149e+00   1.2875948e+00
   5.6660595e-01  -9.3955202e-01
   7.5500157e-01   6.5733459e-01
   1.3479179e+00   7.8657537e-01
   9.3901167e-01   1.5387706e+00
   2.2421635e+00  -2.0047823e+00
   1.2260566e+00   4.0219406e-01
   1.7007321e+00  -2.1867892e+00
   2.4140321e+00   2.1374824e+00
   1.7018980e+00   8.9508403e-01
   2.5511770e+00  -1.0760932e-01
   1.4323135e+00   4.0415538e-01
   1.9745492e+00  -2.2355298e+00
   1.6101032e+00   6.4274729e-01
   1.6679417e+00  -2.0370281e+00
   1.8518833e+00  -2.1685319e+00
   1.1525820e+00   2.8598118e+00
   4.8967697e-01  -1.9693251e+00
   4.2721250e-01  -2.4683730e+00
   1.4826466e+00   1.5309894e+00
   1.2914064e+00   1.5550849e-01
   2.0450115e+00  -5.2598418e-01
   1.1157649e+00  -5.3087985e-01
   1.9987067e+00  -2.3046547e+00
   2.6284041e+00   6.8130915e-01
   1.5098195e+00   1.0084089e+00
   2.9456944e+00  -1.7319349e+00
   1.4050402e+00   7.4934615e-01
   1.8894594e+00   2.3481473e+00
   1.6435603e+00   2.4592907e+00
   2.6509183e+00   4.7882542e-01
   1.2855034e+00   3.9984140e-01
   9.0281429e-01  -2.1860281e+00
   2.5010506e-01   5.8375790e-01
   1.7255433e+00  -2.1095238e+00
   1.3012661e+00   2.6130479e+00
   1.9557985e+00  -1.9781954e+00
   1.1616016e+00  -2.9819110e+00
   1.4241470e+00   2.5414512e+00
   2.1661134e+00  -1.2807845e-01
   2.1872183e+00   8.3799969e-01
   2.0133855e+00   1.9656079e+00
   5.1096996e-01  -8.7155731e-01
   8.2153034e-01  -1.4065175e+00
   2.9536256e+00  -8.0535731e-01
   1.6823796e+00  -3.1124280e+00
   1.1073942e+00   1.5350524e+00
   1.5862939e+00  -2.3664103e+00
   7.8052417e-01  -2.1955145e+00
   1.3028211e+00  -9.1006772e-01
   1.6215341e+00  -1.0667972e+00
   9.7916179e-01  -9.0975766e-01
   4.9473886e-01   5.1192980e-01
   2.2286544e+00   7.3634280e-02
   2.1183327e+00   8.2216804e-01
   2.4368067e+00  -6.9186851e-01
   1.9229046e+00  -8.5590790e-01
   1.3634785e+00   2.5756312e+00
   2.5103826e+00   2.3027541e+00
   9.4508962e-01  -1.0848028e+00
   2.5025319e+00   7.0561542e-01
   1.7667879e+00  -9.8105699e-01
   7.0063991e-01  -3.1372656e+00
   1.5284025e+00  -2.5354273e-01
   1.7185104e+00  -1.0241506e+00
   1.8415208e+00   2.5265668e+00
   1.3785950e+00  -9.8128130e-01
   1.3631045e+00   1.2171807e-01
   1.7319350e+00   1.3635768e+00
   2.6858040e+00   7.0848436e-01
   1.1959072e+00  -2.8027277e+00
   1.5768528e+00  -1.1161124e+00
   1.1388003e+00  -2.8543280e+00
   1.1060582e+00   1.7309928e+00
   1.6311982e+00   1.7599207e+00
   1.4629787e+00   3.4977169e-01
   1.9460249e+00   1.3192506e+00
   1.6300790e+00   3.2805396e-01
   1.3016367e+00   8.9433343e-02
   3.7200853e-01   7.4426055e-01
   2.2281770e+00  -1.7855034e+00
   3.1085771e+00  -1.8963807e+00
   1.4749046e+00  -2.3918224e-01
   2.7393242e+00   9.9020401e-02
   2.2026681e+00   2.9383311e+00
   2.2356002e+00  -1.3041377e+00
   1.8954171e+00  -1.5139229e+00
   1.7396686e+00   2.6133451e+00
   1.7077462e+00   1.2385509e-01
   4.0387397e-01  -2.5356473e-01
   7.5275678e-01   1.5361170e+00
   1.8250430e+00  -1.4877257e+00
   2.4340263e+00  -5.6236836e-01
   2.5203637e+00  -9.8093046e-01
   1.8152337e+00  -3.0224627e+00
   8.7680087e-01  -2.6114199e-01
   1.3942662e+00  -1.6567235e+00
   2.3960802e+00   2.8679267e-01
   9.2323383e-01  -2.7679824e+00
   1.6630891e+00  -2.5188763e+00
   1.0273253e+00  -2.2695842e+00
   7.0380547e-01   2.5406684e+00
   2.0983893e+00  -2.2448320e+00
   2.3483404e+00   8.8213642e-01
   2.0360056e+00  -1.1164789e+00
   1.2570632e+00  -2.4082359e+00
   9.6458970e-01  -2.3092385e+00
   1.4131005e+00   2.8768074e+00
   1.7046153e+00   2.8533310e+00
   1.8703147e-01  -4.2651879e-01
   1.5425489e+00   2.3917583e-01
   1.9714840e+00   1.0426990e+00
   5.5040892e-01  -1.9826114e+00
   2.7159472e+00  -1.7267316e+00
   2.1484810e+00   2.8347815e+00
   1.1857809e+00  -2.1362251e+00
   1.8498404e+00   4.6873727e-01
   1.8103672e+00  -2.0612778e+00
   1.3953856e+00   2.3547470e+00
   2.7562424e+00   3.1065906e+00
   1.9079946e+00   3.1121607e-01
   1.5905702e+00   1.7179428e+00
   1.4887467e+00  -4.6664772e-01
   1.8188176e+00   2.4132254e+00
   1.8356561e+00   2.3156322e+00
   2.9899632e+00  -2.4870788e-01
   9.6638337e-01   9.1564904e-01
   1.2899347e+00   2.5467649e+00
   1.5444082e+00  -4.7520996e-01
   9.3692513e-01  -1.9318138e+00
   1.4974984e+00  -9.7899391e-01
   2.8203483e+00  -1.4266766e+00
   2.0554755e+00  -2.1574720e+00
   2.1021867e+00  -1.5495179e+00
   1.8609066e+00   8.4972194e-01
   1.9572985e+00  -2.5223476e-01
   3.5081876e-01   2.0408026e+00
   7.9819252e-01  -1.7082408e+00
   4.2832896e-01  -2.6460406e+00
   1.5514519e+00   3.0756283e+00
   1.2574210e+00  -1.4503390e+00
   1.6644456e+00   1.0379550e+00
   1.6887920e+00  -6.3608027e-01
   1.6997329e+00   8.3844819e-01
   2.1655330e+00   1.0157986e+00
   1.8860755e+00  -9.6297910e-01
   2.5787720e+00  -9.4133529e-01
   1.3633689e+00   2.9061677e+00
   2.4115129e+00   2.2529612e+00
   2.6387408e+00   1.5020187e+00
   2.7236141e+00   2.9711558e+00
   6.1761049e-01  -1.5633849e+00
   6.7141450e-01  -9.8041373e-01
   1.4548663e+00   1.2278964e+00
   1.0315635e+00   1.6533822e+00
   2.3940349e+00  -7.7938249e-02
   1.4598850e+00   2.4507129e+00
   7.6738836e-02   1.1468611e+00
   1.0348502e+00   2.0763961e+00
   8.6889732e-01  -9.1499281e-01
   7.2903808e-01  -1.8606929e+00
   1.5787730e+00  -2.1276934e+00
   5.8562189e-01  -2.0633218e+00
   1.4185063e+00  -1.1431747e+00
   1.2601368e+00   2.3630326e+00
   1.6839816e+00  -8.9457410e-01
   2.6588103e+00  -2.3821141e-01
   1.7911809e+00   6.3000042e-01
   1.0818182e+00   2.3952656e+00
   1.2532084e+00  -6.5175518e-01
   1.3780518e+00   2.4937164e-01
   2.6291759e+00   1.2045109e+00
   9.4028092e-01  -2.1264256e+00
   1.3097010e+00  -2.9306727e+00
   1.8341763e+00  -3.1103037e+00
   1.2733935e+00   5.5187033e-01
   6.5559791e-01   3.0985173e-01
   5.8925612e-01   2.4858230e+00
   2.2860137e+00  -2.6307096e+00
   5.5307893e-01   2.8943537e+00
   9.2498133e-01  -2.8439667e+00
   2.0658447e+00   1.3465822e+00
   5.9721892e-01  -1.1271066e+00
   1.1456712e+00   2.3942809e+00
   1.2041189e+00   6.8478854e-01
   1.0641900e+00   5.8735016e-01
   2.6960858e+00  -2.0742269e+00
   2.2565496e+00   2.0800341e+00
   1.9024623e+00  -3.1298239e+00
   1.2741167e+00  -2.6627082e+00
   3.9142425e-01  -1.7548929e+00
   5.1059118e-01  -1.8215511e+00
   1.9700143e+00  -1.7403266e+00
   1.7613664e+00   1.5602887e+00
   1.9492480e+00   2.0141442e+00
   2.1441033e+00   1.5397158e+00
   8.7805453e-01   2.3515335e-02
   1.9202293e+00  -1.9032461e-01
   5.6113102e-01  -2.6802561e+00
   1.4593953e+00  -3.0563592e+00
   1.1145281e+00   1.3741835e+00
   2.4268260e+00  -2.2457024e+00
   6.0766343e-01  -9.9223702e-01
   8.5934469e-01   3.0765240e+00
   2.7748868e+00   1.3750389e+00
   1.2477740e+00   3.1522804e-01
   2.3773800e+00   1.7963644e+00
   1.5462120e+00   1.3277304e+00
   1.2355343e-01   2.2682252e+00
   1.6586405e+00   2.2983568e+00
   1.1282198e+00  -3.0486434e+00
   2.2545011e+00  -5.2661106e-01
   1.3850385e+00   3.2456498e-01
   2.1362830e+00   2.1746371e+00
   1.5659847e+00  -1.9674724e+00
   1.4869570e+00   1.8645830e+00
   1.9077764e+00  -2.5827964e+00
   1.7568339e+00   1.4250390e+00
   3.8162507e-01  -4.8148360e-01
   6.1232239e-01   3.8556356e-01
   1.8800201e+00   1.5693760e+00
   2.3527376e+00   1.2308427e+00
   2.4644668e+00   1.2377521e+00
   2.2667101e+00   1.7470530e+00
   2.3640777e+00   3.6837224e-01
   2.0340359e-01   1.9876125e+00
   1.6265262e+00  -2.4225529e+00
   1.4385327e+00   5.7619836e-01
   1.8315697e+00   6.8033319e-01
   2.5367345e+00  -2.3201956e+00
   2.3557301e+00  -2.0804943e+00
   8.0219074e-01  -2.2928416e+00
   1.2679049e+00   1.8079812e+00
   2.0915655e+00  -1.4716418e+00
   1.0383265e+00  -2.3408445e+00
   1.9026793e+00  -2.9014263e+00
   1.2168585e+00  -2.5790634e+00
   2.1168705e+00  -2.1640034e+00
   1.6956366e+00  -1.6113233e+00
   1.7669807e+00   2.9620992e+00
   9.6565654e-01   2.7251072e+00
   2.2115156e+00  -5.9367949e-01
   1.6234332e+00   2.2128822e+00
   1.8370242e+00  -2.9389836e+00
   3.9028314e-01  -1.2135122e+00
   1.2528833e+00  -2.8922170e+00
   2.3686284e+00   1.4657216e+00
   1.3054777e+00  -1.2875948e+00
   2.5749867e+00   9.3955202e-01
   2.3865911e+00  -6.5733459e-01
   1.7936747e+00  -7.8657537e-01
   2.2025810e+00  -1.5387706e+00
   8.9942912e-01   2.0047823e+00
   1.9155360e+00  -4.0219406e-01
   1.4408605e+00   2.1867892e+00
   7.2756055e-01  -2.1374824e+00
   1.4396946e+00  -8.9508403e-01
   5.9041569e-01   1.0760932e-01
   1.7092792e+00  -4.0415538e-01
   1.1670435e+00   2.2355298e+00
   1.5314895e+00  -6.4274729e-01
   1.4736510e+00   2.0370281e+00
   1.2897093e+00   2.1685319e+00
   1.9890107e+00  -2.8598118e+00
   2.6519157e+00   1.9693251e+00
   2.7143802e+00   2.4683730e+00
   1.6589460e+00  -1.5309894e+00
   1.8501862e+00  -1.5550849e-01
   1.0965811e+00   5.2598418e-01
   2.0258277e+00   5.3087985e-01
   1.1428859e+00   2.3046547e+00
   5.1318855e-01  -6.8130915e-01
   1.6317732e+00  -1.0084089e+00
   1.9589822e-01   1.7319349e+00
   1.7365525e+00  -7.4934615e-01
   1.2521333e+00  -2.3481473e+00
   1.4980324e+00  -2.4592907e+00
   4.9067437e-01  -4.7882542e-01
   1.8560892e+00  -3.9984140e-01
   2.2387784e+00   2.1860281e+00
   2.8914876e+00  -5.8375790e-01
   1.4160493e+00   2.1095238e+00
   1.8403265e+00  -2.6130479e+00
   1.1857942e+00   1.9781954e+00
   1.9799910e+00   2.9819110e+00
   1.7174456e+00  -2.5414512e+00
   9.7547926e-01   1.2807845e-01
   9.5437433e-01  -8.3799969e-01
   1.1282072e+00  -1.9656079e+00
   2.6306227e+00   8.7155731e-01
   2.3200623e+00   1.4065175e+00
   1.8796705e-01   8.0535731e-01
   1.4592130e+00   3.1124280e+00
   2.0341985e+00  -1.5350524e+00
   1.5552988e+00   2.3664103e+00
   2.3610685e+00   2.1955145e+00
   1.8387716e+00   9.1006772e-01
   1.5200586e+00   1.0667972e+00
   2.1624309e+00   9.0975766e-01
   2.6468538e+00  -5.1192980e-01
   9.1293827e-01  -7.3634280e-02
   1.0232599e+00  -8.2216804e-01
   7.0478594e-01   6.9186851e-01
   1.2186880e+00   8.5590790e-01
   1.7781142e+00  -2.5756312e+00
   6.3121008e-01  -2.3027541e+00
   2.1965030e+00   1.0848028e+00
   6.3906074e-01  -7.0561542e-01
   1.3748047e+00   9.8105699e-01
   2.4409527e+00   3.1372656e+00
   1.6131901e+00   2.5354273e-01
   1.4230823e+00   1.0241506e+00
   1.3000719e+00  -2.5265668e+00
   1.7629977e+00   9.8128130e-01
   1.7784882e+00  -1.2171807e-01
   1.4096577e+00  -1.3635768e+00
   4.5578862e-01  -7.0848436e-01
   1.9456855e+00   2.8027277e+00
   1.5647398e+00   1.1161124e+00
   2.0027924e+00   2.8543280e+00
   2.0355345e+00  -1.7309928e+00
   1.5103944e+00  -1.7599207e+00
   1.6786140e+00  -3.4977169e-01
   1.1955677e+00  -1.3192506e+00
   1.5115137e+00  -3.2805396e-01
   1.8399559e+00  -8.9433343e-02
   2.7695841e+00  -7.4426055e-01
   9.1341569e-01   1.7855034e+00
   3.3015568e-02   1.8963807e+00
   1.6666880e+00   2.3918224e-01
   4.0226850e-01  -9.9020401e-02
   9.3892458e-01  -2.9383311e+00
   9.0599243e-01   1.3041377e+00
   1.2461755e+00   1.5139229e+00
   1.4019241e+00  -2.6133451e+00
   1.4338464e+00  -1.2385509e-01
   2.7377187e+00   2.5356473e-01
   2.3888359e+00  -1.5361170e+00
   1.3165497e+00   1.4877257e+00
   7.0756631e-01   5.6236836e-01
   6.2122894e-01   9.8093046e-01
   1.3263590e+00   3.0224627e+00
   2.2647918e+00   2.6114199e-01
   1.7473264e+00   1.6567235e+00
   7.4551243e-01  -2.8679267e-01
   2.2183588e+00   2.7679824e+00
   1.4785035e+00   2.5188763e+00
   2.1142674e+00   2.2695842e+00
   2.4377872e+00  -2.5406684e+00
   1.0432033e+00   2.2448320e+00
   7.9325228e-01  -8.8213642e-01
   1.1055870e+00   1.1164789e+00
   1.8845294e+00   2.4082359e+00
   9.8460289e-01  -2.3884492e+00
   3.0723663e-01  -5.4600562e-01
   3.1702200e-01   4.4226416e-01
   1.7409001e+00  -1.6489276e+00
   2.9007863e+00  -1.1870777e-01
   2.0532781e+00   4.5594981e-01
   1.3598787e+00  -2.0830815e+00
   1.5066259e+00   1.9918694e+00
   6.4581659e-01   1.1369228e+00
   1.0511709e+00  -2.6941230e+00
   2.6014411e+00   5.6520876e-01
   1.0955051e+00   2.8714538e+00
   8.0203193e-01  -2.4524417e-01
   1.1856945e+00   1.5566023e+00
   2.6868008e+00   8.5285176e-01
   1.4236788e+00   1.9989884e-02
   2.6683104e+00  -2.9608031e+00
   7.6204354e-01   3.6352429e-01
   8.5765346e-01   3.5343244e-01
   1.7177259e+00   1.6083912e+00
   2.0959364e+00  -7.1653727e-01
   6.5048220e-01  -4.7543289e-01
   2.6657065e+00  -3.0839673e+00
   1.2821980e+00  -2.4756266e+00
   2.1607950e+00  -3.0533464e+00
   1.6161599e+00   1.8889315e+00
   1.0588959e+00   2.5777590e+00
   1.5891402e+00   2.6101034e+00
   2.2557074e+00   3.7831698e-01
   2.6835609e+00   2.1208893e+00
   1.4145171e+00  -1.2554123e+00
   1.4725244e+00  -2.3642522e+00
   1.1967476e+00  -1.7845991e+00
   6.8738296e-02  -2.8548756e-01
   1.6853607e+00  -2.8260783e+00
   2.1010554e+00   1.0861148e-01
   2.4961555e+00   2.9446229e+00
   2.2957056e+00   1.7262545e-01
   2.0224605e+00   6.7223666e-01
   2.1447168e+00   2.7633991e+00
   1.8903258e+00   2.0423908e+00
   3.1249144e-01  -7.3405460e-01
   1.1368198e+00   9.6359915e-01
   1.6039220e+00   1.0689434e+00
   1.1592441e+00   1.4956048e+00
   1.5750882e+00  -2.1883938e+00
   1.9244276e+00  -2.1542127e+00
   1.9113009e+00  -1.2302618e-01
   1.4999504e+00  -5.4073833e-01
   2.3155435e+00   1.6428505e+00
   6.9827812e-01  -1.7302588e-01
   1.6023371e+00  -1.5008274e+00
   1.1412900e+00  -5.9640341e-01
   2.0551665e+00  -2.3238624e+00
   1.3792045e+00  -2.2787156e+00
   1.0139190e+00   3.1321962e+00
   1.3063716e+00  -2.0996680e+00
   1.9931495e+00  -2.9744993e+00
   8.2596585e-01  -4.2880632e-01
   2.2418946e+00   2.9968687e+00
   2.0388339e+00   1.6938530e+00
   2.4791364e+00   3.6336662e-01
   8.6564303e-01  -6.6470953e-01
   2.4268509e+00  -2.6449801e+00
   2.8276476e+00  -6.6911054e-01
   1.7473069e+00   1.0871772e+00
   1.1306669e+00  -2.4318122e+00
   3.3412499e-01  -2.2354241e+00
   2.6518909e-01   1.6862990e+00
   2.5220830e+00  -5.2901650e-01
   2.1902640e+00  -1.3404540e+00
   1.1146743e+00  -1.1837400e+00
   8.5190149e-01   2.0834803e+00
   1.0363834e+00  -1.4208478e+00
   7.0208248e-01  -1.9418907e+00
   1.7677138e+00   5.0571869e-01
   1.8146052e+00  -2.1216018e+00
   8.3897462e-01  -5.8761646e-01
   2.3790231e+00  -5.4568065e-01
   2.3859893e+00  -7.8607840e-01
   1.3613811e+00   1.9669615e+00
   1.1839107e+00   7.5295309e-01
   3.3186696e-01   1.6049554e+00
   5.5720518e-01  -2.5558336e+00
   1.5009017e+00  -1.9562469e+00
   1.4492352e+00  -2.0679536e+00
   1.4147111e+00   2.7371773e+00
   1.5811137e+00   1.9058030e-01
   1.1607940e+00   4.1465285e-01
   1.5969062e+00   5.7352717e-01
   2.4485178e+00  -1.5424733e+00
   2.7455663e+00   2.0496607e+00
   1.0741123e+00  -1.8436061e+00
   1.4016003e-01  -2.2213098e+00
   1.7470728e+00  -4.6400851e-01
   1.1488516e+00   2.1663219e+00
   1.8883109e+00  -2.0980722e+00
   7.1390301e-01  -1.4955113e+00
   1.6405929e+00   1.2104987e+00
   2.6941454e+00  -8.2370836e-01
   1.4154059e+00   8.1939338e-01
   1.8137873e+00  -2.5328610e-02
   1.4915631e+00  -1.4758942e+00
   8.4666435e-01   1.1738884e-01
   4.5159897e-01  -1.7641899e+00
   2.3052813e+00   2.1235069e+00
   2.7692683e+00  -5.3251151e-01
   1.0708068e+00   6.5677746e-01
   1.1741251e+00  -3.1363760e+00
   1.2780721e+00  -8.7573498e-02
   6.4315737e-01   2.5576508e+00
   1.7140211e+00   1.8798501e-01
   1.9071923e+00  -1.7545393e+00
   2.1324348e+00  -1.3125426e+00
   1.5721493e+00   3.0922409e-01
   1.8096549e+00   8.1139589e-01
   1.7770909e+00   9.2108781e-01
   1.4358147e+00   7.0360661e-01
   2.2842508e+00   1.2301500e+00
   1.4889233e+00  -1.3843890e+00
   7.2081152e-01   3.0570960e+00
   2.5520879e+00  -2.3949583e-01
   2.4204946e+00   4.0120079e-01
   1.1730292e+00   2.0393073e+00
   1.2183794e+00   2.2888913e+00
   1.0756922e+00  -2.2307887e+00
   1.3446013e+00  -3.1107065e-01
   1.6567717e+00   2.6186957e+00
   9.2755871e-01  -2.4542918e+00
   4.0704389e-01   2.1749158e+00
   6.5429804e-01  -2.5357048e+00
   1.0727338e+00   2.5091014e+00
   1.5305849e+00   3.0166508e+00
   2.6512438e-01   8.3891451e-01
   7.1952488e-01  -1.0415879e+00
   2.2976092e+00   2.2144415e+00
   9.2974572e-01   6.5692444e-02
   3.3309247e-01   2.2065070e+00
   1.7042474e+00  -1.9386595e+00
   4.0142125e-01  -2.2142835e+00
   1.6440965e+00   8.0059626e-01
   1.8438295e+00  -2.8658064e+00
   1.8931244e+00   1.0963338e+00
   2.1441966e+00   2.0925922e+00
   2.3306348e+00   2.8317573e+00
   1.5966387e+00   2.5095635e+00
   1.2353059e+00  -7.1920265e-01
   2.6180685e+00   2.3992843e+00
   9.6075823e-01  -1.5875080e-01
   1.2057155e+00  -2.2151480e+00
   2.2396485e+00  -2.9741823e+00
   2.1573406e+00  -1.4989441e+00
   2.7156090e+00   2.8009811e+00
   9.6763307e-01  -4.9729494e-01
   2.4978146e+00  -3.0760754e+00
   1.1069359e+00  -1.0866635e-01
   9.9954419e-01  -3.3604672e-01
   4.9959571e-01   2.1298750e+00
   1.3872456e+00   1.1142089e+00
   1.2409105e+00   1.2942190e+00
   1.6104487e+00   3.0533734e+00
   2.8228324e+00   2.0658210e+00
   2.4486936e+00  -7.9644395e-01
   2.4569012e+00   7.6830749e-01
   9.1555248e-01  -5.5078745e-01
   1.9620533e+00  -1.9118574e+00
   2.1320128e+00   3.0695501e+00
   1.5395616e+00  -1.3773727e+00
   2.3776290e+00   2.9007620e+00
   8.4185264e-01  -2.7081056e+00
   6.8555229e-01  -3.0265075e+00
   2.0022875e+00  -1.8121491e+00
   2.6549123e+00   2.4958930e+00
   1.1005530e+00   7.6816977e-01
   1.7788114e+00   1.7106737e+00
   1.0391959e+00  -1.7977264e-01
   5.8743574e-01   2.6404258e+00
   1.1947798e+00  -4.1563466e-01
   4.3760358e-01   1.2193717e+00
   6.1565109e-01   2.8857784e+00
   2.5342877e+00  -1.3843962e+00
   2.1481781e+00  -2.3801496e+00
   1.2158147e+00  -2.6672451e+00
   1.8909926e+00   1.1654831e+00
   1.6908272e+00   7.5602886e-01
   1.7006289e+00  -1.4344887e+00
   1.1531641e-01  -1.3161956e+00
   1.6027692e+00   2.6779350e+00
   7.7530489e-01  -2.2142381e-02
   1.1466488e+00   8.9407111e-01
   2.2040727e+00   3.3468608e-01
   2.0740859e+00  -5.7927308e-02
   2.1055002e+00   7.0520985e-01
   1.9975663e+00   1.8291647e+00
   2.4802355e+00  -1.6657215e+00
   2.1909156e+00  -2.4474981e+00
   2.0931212e+00  -1.0736512e+00
   2.2335814e+00  -4.5282270e-01
   5.9882429e-01   2.7677773e+00
   1.1653873e+00  -2.0688242e+00
   1.9590765e+00   6.8512897e-01
   2.0420672e+00  -2.0198532e+00
   2.1477784e+00  -2.3449773e-01
   8.7016431e-01   1.5671470e+00
   2.8846054e+00   1.6752694e-01
   2.1108288e+00  -1.7245056e-01
   6.6484880e-01  -2.6932447e+00
   2.1480452e+00   2.2997855e-01
   2.9013067e+00   2.0935133e+00
   1.7752931e+00  -2.9769940e+00
   1.9115983e+00  -1.8795688e+00
   4.9990031e-01   8.6934490e-01
   2.0254713e+00  -6.7414231e-03
   5.1372734e-01   1.0197494e+00
   1.4277145e+00   2.6716715e+00
   1.3820210e+00  -3.0800969e+00
   2.7762345e+00   2.8356564e+00
   1.8045017e+00  -2.7553327e+00
   2.8084158e+00  -2.9594264e+00
   2.8583065e+00   1.8839188e+00
   1.8414665e+00   1.8292028e+00
   1.4013280e+00  -6.6864863e-01
   1.5602376e+00  -1.5395141e+00
   2.8842461e+00   3.8567515e-01
   1.9709816e+00  -1.6128329e+00
   6.5947900e-01  -1.8398848e+00
   1.7797046e+00  -6.8234629e-01
   1.6246964e+00  -3.2511025e-01
   5.5213700e-01  -2.8154038e+00
   2.9572038e+00  -2.3016331e+00
   1.9610442e+00   1.4639965e+00
   1.5945025e+00   2.3232530e+00
   1.6511906e+00  -2.5508879e-01
   2.1530228e+00  -1.1429296e+00
   1.9004937e+00  -1.0341999e+00
   2.7139913e-01  -1.1261335e+00
   2.4077921e+00   1.2699269e+00
   1.4862078e+00   1.7717026e-01
   2.2792259e+00  -1.8262565e+00
   7.3394511e-01   1.1212114e+00
   6.2861946e-01  -1.5737899e-01
   9.8770844e-01   6.6806321e-01
   1.0077601e+00   2.0182546e+00
   1.0012217e+00  -6.4079770e-01
   2.0407938e+00  -2.2359047e+00
   1.9738309e+00  -5.0943682e-01
   7.8601876e-01   4.5134050e-01
   2.1569898e+00  -7.5314349e-01
   2.8343560e+00  -2.5955870e+00
   2.8245706e+00   2.6993285e+00
   1.4006926e+00  -1.4926650e+00
   2.4080640e-01  -3.0228849e+00
   1.0883145e+00   2.6856428e+00
   1.7817139e+00  -1.0585111e+00
   1.6349668e+00   1.1497232e+00
   2.4957761e+00   2.0046699e+00
   2.0904218e+00  -4.4746968e-01
   5.4015152e-01   2.5763839e+00
   2.0460876e+00   2.7013883e-01
   2.3395607e+00  -2.8963485e+00
   1.9558982e+00   1.5849903e+00
   4.5479190e-01   2.2887409e+00
   1.7179139e+00   3.1216028e+00
   4.7328228e-01  -1.8078957e-01
   2.3795491e+00   2.7780684e+00
   2.2839392e+00   2.7881602e+00
   1.4238667e+00   1.5332015e+00
   1.0456563e+00  -2.4250554e+00
   2.4911105e+00  -2.6661598e+00
   4.7588613e-01  -5.7625308e-02
   1.8593947e+00  -6.6596606e-01
   9.8079765e-01  -8.8246230e-02
   1.5254327e+00   1.2526612e+00
   2.0826967e+00   5.6383368e-01
   1.5524525e+00   5.3148929e-01
   8.8588525e-01   2.7632757e+00
   4.5803176e-01   1.0207034e+00
   1.7270756e+00  -1.8861803e+00
   1.6690682e+00  -7.7734045e-01
   1.9448450e+00  -1.3569935e+00
   3.0728544e+00  -2.8561051e+00
   1.4562319e+00  -3.1551436e-01
   1.0405372e+00   3.0329812e+00
   6.4543712e-01   1.9696977e-01
   8.4588710e-01   2.9689672e+00
   1.1191321e+00   2.4693560e+00
   9.9687588e-01   3.7819360e-01
   1.2512669e+00   1.0992019e+00
   2.8291012e+00  -2.4075381e+00
   2.0047729e+00   2.1779935e+00
   1.5376706e+00   2.0726493e+00
   1.9823486e+00   1.6459879e+00
   1.5665045e+00  -9.5319880e-01
   1.2171651e+00  -9.8737993e-01
   1.2302917e+00  -3.0185665e+00
   1.6416423e+00  -2.6008543e+00
   8.2604914e-01   1.4987422e+00
   2.4433145e+00  -2.9685668e+00
   1.5392555e+00  -1.6407652e+00
   2.0003027e+00  -2.5451892e+00
   1.0864262e+00  -8.1773028e-01
   1.7623881e+00  -8.6287709e-01
   2.1276736e+00   9.3964300e-03
   1.8352211e+00  -1.0419246e+00
   1.1484431e+00  -1.6709333e-01
   2.3156268e+00  -2.7127863e+00
   8.9969805e-01   1.4472396e-01
   1.1027588e+00   1.4477397e+00
   6.6245625e-01   2.7782260e+00
   2.2759496e+00  -2.4768831e+00
   7.1474176e-01  -4.9661251e-01
   3.1394503e-01  -2.4724821e+00
   1.3942857e+00   2.0544155e+00
   2.0109257e+00  -7.0978050e-01
   2.8074677e+00  -9.0616856e-01
   2.8764036e+00   1.4552936e+00
   6.1950966e-01  -2.6125762e+00
   9.5132865e-01  -1.8011386e+00
   2.0269184e+00  -1.9578526e+00
   2.2896912e+00   1.0581123e+00
   2.1052092e+00  -1.7207449e+00
   2.4395102e+00  -1.1997019e+00
   1.3738788e+00   2.6358740e+00
   1.3269875e+00  -1.0199908e+00
   2.3026180e+00  -2.5539762e+00
   7.6256954e-01  -2.5959120e+00
   7.5560340e-01  -2.3555143e+00
   1.7802116e+00   1.1746312e+00
   1.9576819e+00   2.3886396e+00
   2.8097257e+00   1.5366373e+00
   2.5843875e+00  -5.8575904e-01
   1.6406910e+00  -1.1853458e+00
   1.6923575e+00  -1.0736390e+00
   1.7268815e+00   4.0441533e-01
   1.5604789e+00   2.9510124e+00
   1.9807987e+00   2.7269398e+00
   1.5446864e+00   2.5680655e+00
   6.9307485e-01  -1.5991194e+00
   3.9602635e-01   1.0919320e+00
   2.0674804e+00  -1.2979865e+00
   3.0014326e+00  -9.2028290e-01
   1.3945199e+00  -2.6775841e+00
   1.9927410e+00   9.7527071e-01
   1.2532818e+00  -1.0435204e+00
   2.4276896e+00  -1.6460813e+00
   1.5009998e+00   1.9310939e+00
   4.4744730e-01  -2.3178843e+00
   1.7261867e+00   2.3221993e+00
   1.3278053e+00  -3.1162640e+00
   1.6500295e+00  -1.6656985e+00
   2.2949283e+00   3.0242038e+00
   2.6899937e+00  -1.3774027e+00
   8.3631137e-01   1.0180858e+00
   3.7232435e-01  -2.6090811e+00
   2.0707858e+00   2.4848152e+00
   1.9674675e+00  -5.2166459e-03
   1.8635205e+00  -3.0540192e+00
   2.4984353e+00   5.8394187e-01
   1.4275716e+00   2.9536076e+00
   1.2344003e+00  -1.3870534e+00
   1.0091578e+00  -1.8290500e+00
   1.5694434e+00   2.8323686e+00
   1.3319378e+00   2.3301968e+00
   1.3645018e+00   2.2205048e+00
   1.7057779e+00   2.4379860e+00
   8.5734190e-01   1.9114426e+00
   1.6526693e+00  -1.7572037e+00
   2.4207811e+00   8.4496634e-02
   5.8950477e-01  -2.9020968e+00
   7.2109810e-01   2.7403919e+00
   1.9685634e+00   1.1022853e+00
   1.9232133e+00   8.5270138e-01
   2.0659005e+00  -9.1080400e-01
   1.7969913e+00  -2.8305220e+00
   1.4848210e+00   5.2289692e-01
   2.2140339e+00  -6.8730087e-01
   2.7345488e+00   9.6667686e-01
   2.4872946e+00  -6.0588783e-01
   2.0688588e+00   6.3249129e-01
   1.6110078e+00   1.2494180e-01
   2.8764683e+00   2.3026781e+00
   2.4220678e+00  -2.1000047e+00
   8.4398348e-01   9.2715116e-01
   2.2118469e+00   3.0759002e+00
   2.8085002e+00   9.3508568e-01
   1.4373453e+00  -1.2029331e+00
   2.7401714e+00  -9.2730918e-01
   1.4974961e+00   2.3409964e+00
   1.2977632e+00  -2.7578626e-01
   1.2484683e+00   2.0452588e+00
   9.9739606e-01   1.0490005e+00
   8.1095783e-01   3.0983533e-01
   1.5449539e+00   6.3202912e-01
   1.9062868e+00  -2.4223900e+00
   5.2352413e-01   7.4230840e-01
   2.1808344e+00  -2.9828419e+00
   1.9358771e+00  -9.2644468e-01
   9.0194412e-01  -1.6741033e-01
   9.8425202e-01  -1.6426485e+00
   4.2598365e-01   3.4061156e-01
   2.1739596e+00  -2.6442977e+00
   6.4377809e-01  -6.5517256e-02
   2.0346568e+00  -3.0329263e+00
   2.1420485e+00  -2.8055459e+00
   2.6419969e+00   1.0117176e+00
   1.7543471e+00   2.0273838e+00
   1.9006821e+00   1.8473736e+00
   1.5311440e+00   8.8219220e-02
   3.1876022e-01   1.0757716e+00
   6.9289908e-01  -2.3451487e+00
   6.8469145e-01   2.3732852e+00
   2.2260402e+00  -2.5908052e+00
   1.1795393e+00  -1.2297352e+00
   1.0095799e+00   7.2042540e-02
   1.6020311e+00  -1.7642200e+00
   7.6396366e-01   2.4083064e-01
   2.2997400e+00  -4.3348710e-01
   2.4560404e+00  -1.1508513e-01
   1.1393052e+00  -1.3294436e+00
   4.8668040e-01   6.4569970e-01
   2.0410397e+00   2.3734229e+00
   1.3627813e+00   1.4309190e+00
   2.1023968e+00  -2.9618200e+00
   2.5541569e+00   5.0116683e-01
   1.9468128e+00  -2.7259580e+00
   2.7039891e+00   1.9222210e+00
   2.5259416e+00   2.5581425e-01
   6.0730492e-01  -1.7571965e+00
   9.9341453e-01  -7.6144306e-01
   1.9257780e+00  -4.7434756e-01
   1.2506000e+00   1.9761096e+00
   1.4507654e+00   2.3855638e+00
   1.4409638e+00  -1.7071039e+00
   3.0262762e+00  -1.8253971e+00
   1.5388234e+00   4.6365769e-01
   2.3662878e+00  -3.1194503e+00
   1.9949439e+00   2.2475215e+00
   9.3751997e-01   2.8069066e+00
   1.0675068e+00  -3.0836653e+00
   1.0360924e+00   2.4363828e+00
   1.1440264e+00   1.3124279e+00
   6.6135713e-01  -1.4758711e+00
   9.5067703e-01  -6.9409457e-01
   1.0484715e+00  -2.0679415e+00
   9.0801121e-01  -2.6887700e+00
   2.5427684e+00   3.7381531e-01
   1.9762054e+00  -1.0727684e+00
   1.1825161e+00   2.4564637e+00
   1.0995254e+00  -1.1217395e+00
   9.9381427e-01  -2.9070949e+00
   2.2714283e+00   1.5744456e+00
   2.5698729e-01   2.9740657e+00
   1.0307639e+00  -2.9691421e+00
   2.4767439e+00  -4.4834794e-01
   9.9354749e-01   2.9116141e+00
   2.4028595e-01   1.0480793e+00
   1.3662996e+00  -1.6459868e-01
   1.2299943e+00  -1.2620239e+00
   2.6416923e+00   2.2722478e+00
   1.1161213e+00  -3.1348512e+00
   2.6278653e+00   2.1218433e+00
   1.7138782e+00   4.6992113e-01
   1.7595716e+00  -6.1495731e-02
   3.6535812e-01   3.0593621e-01
   1.3370910e+00  -3.8625992e-01
   3.3317685e-01  -1.8216626e-01
   2.8328612e-01   1.2576739e+00
   1.3001261e+00   1.3123899e+00
   1.7402647e+00  -2.4729440e+00
   1.5813550e+00  -1.6020786e+00
   2.5734653e-01   2.7559175e+00
   1.1706111e+00  -1.5287597e+00
   2.4821136e+00  -1.3017078e+00
   1.3618881e+00  -2.4592464e+00
   1.5168962e+00  -2.8164824e+00
   2.5894557e+00  -3.2618885e-01
   1.8438882e-01  -8.3995960e-01
   1.1805485e+00   1.6775962e+00
   1.5470902e+00   8.1833963e-01
   1.4904020e+00  -2.8865039e+00
   9.8856990e-01  -1.9986631e+00
   1.2410990e+00  -2.1073927e+00
   2.8701935e+00  -2.0154592e+00
   7.3380057e-01   1.8716658e+00
   1.6553849e+00   2.9644224e+00
   8.6236677e-01  -1.3153362e+00
   2.4076475e+00   2.0203813e+00
   2.5129732e+00  -2.9842137e+00
   2.1538842e+00   2.4735294e+00
   2.1338326e+00   1.1233381e+00
   2.1403710e+00  -2.5007950e+00
   1.1007989e+00  -9.0568796e-01
   1.1677618e+00  -2.6321558e+00
   2.3555739e+00   2.6902521e+00
   2.1569898e+00   2.3884492e+00
   2.8343560e+00   5.4600562e-01
   2.8245706e+00  -4.4226416e-01
   1.4006926e+00   1.6489276e+00
   2.4080640e-01   1.1870777e-01
   1.0883145e+00  -4.5594981e-01
   1.7817139e+00   2.0830815e+00
   1.6349668e+00  -1.9918694e+00
   2.4957761e+00  -1.1369228e+00
   2.0904218e+00   2.6941230e+00
   5.4015152e-01  -5.6520876e-01
   2.0460876e+00  -2.8714538e+00
   2.3395607e+00   2.4524417e-01
   1.9558982e+00  -1.5566023e+00
   4.5479190e-01  -8.5285176e-01
   1.7179139e+00  -1.9989884e-02
   4.7328228e-01   2.9608031e+00
   2.3795491e+00  -3.6352429e-01
   2.2839392e+00  -3.5343244e-01
   1.4238667e+00  -1.6083912e+00
   1.0456563e+00   7.1653727e-01
   2.4911105e+00   4.7543289e-01
   4.7588613e-01   3.0839673e+00
   1.8593947e+00   2.4756266e+00
   9.8079765e-01   3.0533464e+00
   1.5254327e+00  -1.8889315e+00
   2.0826967e+00  -2.5777590e+00
   1.5524525e+00  -2.6101034e+00
   8.8588525e-01  -3.7831698e-01
   4.5803176e-01  -2.1208893e+00
   1.7270756e+00   1.2554123e+00
   1.6690682e+00   2.3642522e+00
   1.9448450e+00   1.7845991e+00
   3.0728544e+00   2.8548756e-01
   1.4562319e+00   2.8260783e+00
   1.0405372e+00  -1.0861148e-01
   6.4543712e-01  -2.9446229e+00
   8.4588710e-01  -1.7262545e-01
   1.1191321e+00  -6.7223666e-01
   9.9687588e-01  -2.7633991e+00
   1.2512669e+00  -2.0423908e+00
   2.8291012e+00   7.3405460e-01
   2.0047729e+00  -9.6359915e-01
   1.5376706e+00  -1.0689434e+00
   1.9823486e+00  -1.4956048e+00
   1.5665045e+00   2.1883938e+00
   1.2171651e+00   2.1542127e+00
   1.2302917e+00   1.2302618e-01
   1.6416423e+00   5.4073833e-01
   8.2604914e-01  -1.6428505e+00
   2.4433145e+00   1.7302588e-01
   1.5392555e+00   1.5008274e+00
   2.0003027e+00   5.9640341e-01
   1.0864262e+00   2.3238624e+00
   1.7623881e+00   2.2787156e+00
   2.1276736e+00  -3.1321962e+00
   1.8352211e+00   2.0996680e+00
   1.1484431e+00   2.9744993e+00
   2.3156268e+00   4.2880632e-01
   8.9969805e-01  -2.9968687e+00
   1.1027588e+00  -1.6938530e+00
   6.6245625e-01  -3.6336662e-01
   2.2759496e+00   6.6470953e-01
   7.1474176e-01   2.6449801e+00
   3.1394503e-01   6.6911054e-01
   1.3942857e+00  -1.0871772e+00
   2.0109257e+00   2.4318122e+00
   2.8074677e+00   2.2354241e+00
   2.8764036e+00  -1.6862990e+00
   6.1950966e-01   5.2901650e-01
   9.5132865e-01   1.3404540e+00
   2.0269184e+00   1.1837400e+00
   2.2896912e+00  -2.0834803e+00
   2.1052092e+00   1.4208478e+00
   2.4395102e+00   1.9418907e+00
   1.3738788e+00  -5.0571869e-01
   1.3269875e+00   2.1216018e+00
   2.3026180e+00   5.8761646e-01
   7.6256954e-01   5.4568065e-01
   7.5560340e-01   7.8607840e-01
   1.7802116e+00  -1.9669615e+00
   1.9576819e+00  -7.5295309e-01
   2.8097257e+00  -1.6049554e+00
   2.5843875e+00   2.5558336e+00
   1.6406910e+00   1.9562469e+00
   1.6923575e+00   2.0679536e+00
   1.7268815e+00  -2.7371773e+00
   1.5604789e+00  -1.9058030e-01
   1.9807987e+00  -4.1465285e-01
   1.5446864e+00  -5.7352717e-01
   6.9307485e-01   1.5424733e+00
   3.9602635e-01  -2.0496607e+00
   2.0674804e+00   1.8436061e+00
   3.0014326e+00   2.2213098e+00
   1.3945199e+00   4.6400851e-01
   1.9927410e+00  -2.1663219e+00
   1.2532818e+00   2.0980722e+00
   2.4276896e+00   1.4955113e+00
   1.5009998e+00  -1.2104987e+00
   4.4744730e-01   8.2370836e-01
   1.7261867e+00  -8.1939338e-01
   1.3278053e+00   2.5328610e-02
   1.6500295e+00   1.4758942e+00
   2.2949283e+00  -1.1738884e-01
   2.6899937e+00   1.7641899e+00
   8.3631137e-01  -2.1235069e+00
   3.7232435e-01   5.3251151e-01
   2.0707858e+00  -6.5677746e-01
   1.9674675e+00   3.1363760e+00
   1.8635205e+00   8.7573498e-02
   2.4984353e+00  -2.5576508e+00
   1.4275716e+00  -1.8798501e-01
   1.2344003e+00   1.7545393e+00
   1.0091578e+00   1.3125426e+00
   1.5694434e+00  -3.0922409e-01
   1.3319378e+00  -8.1139589e-01
   1.3645018e+00  -9.2108781e-01
   1.7057779e+00  -7.0360661e-01
   8.5734190e-01  -1.2301500e+00
   1.6526693e+00   1.3843890e+00
   2.4207811e+00  -3.0570960e+00
   5.8950477e-01   2.3949583e-01
   7.2109810e-01  -4.0120079e-01
   1.9685634e+00  -2.0393073e+00
   1.9232133e+00  -2.2888913e+00
   2.0659005e+00   2.2307887e+00
   1.7969913e+00   3.1107065e-01
   1.4848210e+00  -2.6186957e+00
   2.2140339e+00   2.4542918e+00
   2.7345488e+00  -2.1749158e+00
   2.4872946e+00   2.5357048e+00
   2.0688588e+00  -2.5091014e+00
   1.6110078e+00  -3.0166508e+00
   2.8764683e+00  -8.3891451e-01
   2.4220678e+00   1.0415879e+00
   8.4398348e-01  -2.2144415e+00
   2.2118469e+00  -6.5692444e-02
   2.8085002e+00  -2.2065070e+00
   1.4373453e+00   1.9386595e+00
   2.7401714e+00   2.2142835e+00
   1.4974961e+00  -8.0059626e-01
   1.2977632e+00   2.8658064e+00
   1.2484683e+00  -1.0963338e+00
   9.9739606e-01  -2.0925922e+00
   8.1095783e-01  -2.8317573e+00
   1.5449539e+00  -2.5095635e+00
   1.9062868e+00   7.1920265e-01
   5.2352413e-01  -2.3992843e+00
   2.1808344e+00   1.5875080e-01
   1.9358771e+00   2.2151480e+00
   9.0194412e-01   2.9741823e+00
   9.8425202e-01   1.4989441e+00
   4.2598365e-01  -2.8009811e+00
   2.1739596e+00   4.9729494e-01
   6.4377809e-01   3.0760754e+00
   2.0346568e+00   1.0866635e-01
   2.1420485e+00   3.3604672e-01
   2.6419969e+00  -2.1298750e+00
   1.7543471e+00  -1.1142089e+00
   1.9006821e+00  -1.2942190e+00
   1.5311440e+00  -3.0533734e+00
   3.1876022e-01  -2.0658210e+00
   6.9289908e-01   7.9644395e-01
   6.8469145e-01  -7.6830749e-01
   2.2260402e+00   5.5078745e-01
   1.1795393e+00   1.9118574e+00
   1.0095799e+00  -3.0695501e+00
   1.6020311e+00   1.3773727e+00
   7.6396366e-01  -2.9007620e+00
   2.2997400e+00   2.7081056e+00
   2.4560404e+00   3.0265075e+00
   1.1393052e+00   1.8121491e+00
   4.8668040e-01  -2.4958930e+00
   2.0410397e+00  -7.6816977e-01
   1.3627813e+00  -1.7106737e+00
   2.1023968e+00   1.7977264e-01
   2.5541569e+00  -2.6404258e+00
   1.9468128e+00   4.1563466e-01
   2.7039891e+00  -1.2193717e+00
   2.5259416e+00  -2.8857784e+00
   6.0730492e-01   1.3843962e+00
   9.9341453e-01   2.3801496e+00
   1.9257780e+00   2.6672451e+00
   1.2506000e+00  -1.1654831e+00
   1.4507654e+00  -7.5602886e-01
   1.4409638e+00   1.4344887e+00
   3.0262762e+00   1.3161956e+00
   1.5388234e+00  -2.6779350e+00
   2.3662878e+00   2.2142381e-02
   1.9949439e+00  -8.9407111e-01
   9.3751997e-01  -3.3468608e-01
   1.0675068e+00   5.7927308e-02
   1.0360924e+00  -7.0520985e-01
   1.1440264e+00  -1.8291647e+00
   6.6135713e-01   1.6657215e+00
   9.5067703e-01   2.4474981e+00
   1.0484715e+00   1.0736512e+00
   9.0801121e-01   4.5282270e-01
   2.5427684e+00  -2.7677773e+00
   1.9762054e+00   2.0688242e+00
   1.1825161e+00  -6.8512897e-01
   1.0995254e+00   2.0198532e+00
   9.9381427e-01   2.3449773e-01
   2.2714283e+00  -1.5671470e+00
   2.5698729e-01  -1.6752694e-01
   1.0307639e+00   1.7245056e-01
   2.4767439e+00   2.6932447e+00
   9.9354749e-01  -2.2997855e-01
   2.4028595e-01  -2.0935133e+00
   1.3662996e+00   2.9769940e+00
   1.2299943e+00   1.8795688e+00
   2.6416923e+00  -8.6934490e-01
   1.1161213e+00   6.7414231e-03
   2.6278653e+00  -1.0197494e+00
   1.7138782e+00  -2.6716715e+00
   1.7595716e+00   3.0800969e+00
   3.6535812e-01  -2.8356564e+00
   1.3370910e+00   2.7553327e+00
   3.3317685e-01   2.9594264e+00
   2.8328612e-01  -1.8839188e+00
   1.3001261e+00  -1.8292028e+00
   1.7402647e+00   6.6864863e-01
   1.5813550e+00   1.5395141e+00
   2.5734653e-01  -3.8567515e-01
   1.1706111e+00   1.6128329e+00
   2.4821136e+00   1.8398848e+00
   1.3618881e+00   6.8234629e-01
   1.5168962e+00   3.2511025e-01
   2.5894557e+00   2.8154038e+00
   1.8438882e-01   2.3016331e+00
   1.1805485e+00  -1.4639965e+00
   1.5470902e+00  -2.3232530e+00
   1.4904020e+00   2.5508879e-01
   9.8856990e-01   1.1429296e+00
   1.2410990e+00   1.0341999e+00
   2.8701935e+00   1.1261335e+00
   7.3380057e-01  -1.2699269e+00
   1.6553849e+00  -1.7717026e-01
   8.6236677e-01   1.8262565e+00
   2.4076475e+00  -1.1212114e+00
   2.5129732e+00   1.5737899e-01
   2.1538842e+00  -6.6806321e-01
   2.1338326e+00  -2.0182546e+00
   2.1403710e+00   6.4079770e-01
   1.1007989e+00   2.2359047e+00
   1.1677618e+00   5.0943682e-01
   2.3555739e+00  -4.5134050e-01
   9.8460289e-01   7.5314349e-01
   3.0723663e-01   2.5955870e+00
   3.1702200e-01  -2.6993285e+00
   1.7409001e+00   1.4926650e+00
   2.9007863e+00   3.0228849e+00
   2.0532781e+00  -2.6856428e+00
   1.3598787e+00   1.0585111e+00
   1.5066259e+00  -1.1497232e+00
   6.4581659e-01  -2.0046699e+00
   1.0511709e+00   4.4746968e-01
   2.6014411e+00  -2.5763839e+00
   1.0955051e+00  -2.7013883e-01
   8.0203193e-01   2.8963485e+00
   1.1856945e+00  -1.5849903e+00
   2.6868008e+00  -2.2887409e+00
   1.4236788e+00  -3.1216028e+00
   2.6683104e+00   1.8078957e-01
   7.6204354e-01  -2.7780684e+00
   8.5765346e-01  -2.7881602e+00
   1.7177259e+00  -1.5332015e+00
   2.0959364e+00   2.4250554e+00
   6.5048220e-01   2.6661598e+00
   2.6657065e+00   5.7625308e-02
   1.2821980e+00   6.6596606e-01
   2.1607950e+00   8.8246230e-02
   1.6161599e+00  -1.2526612e+00
   1.0588959e+00  -5.6383368e-01
   1.5891402e+00  -5.3148929e-01
   2.2557074e+00  -2.7632757e+00
   2.6835609e+00  -1.0207034e+00
   1.4145171e+00   1.8861803e+00
   1.4725244e+00   7.7734045e-01
   1.1967476e+00   1.3569935e+00
   6.8738296e-02   2.8561051e+00
   1.6853607e+00   3.1551436e-01
   2.1010554e+00  -3.0329812e+00
   2.4961555e+00  -1.9696977e-01
   2.2957056e+00  -2.9689672e+00
   2.0224605e+00  -2.4693560e+00
   2.1447168e+00  -3.7819360e-01
   1.8903258e+00  -1.0992019e+00
   3.1249144e-01   2.4075381e+00
   1.1368198e+00  -2.1779935e+00
   1.6039220e+00  -2.0726493e+00
   1.1592441e+00  -1.6459879e+00
   1.5750882e+00   9.5319880e-01
   1.9244276e+00   9.8737993e-01
   1.9113009e+00   3.0185665e+00
   1.4999504e+00   2.6008543e+00
   2.3155435e+00  -1.4987422e+00
   6.9827812e-01   2.9685668e+00
   1.6023371e+00   1.6407652e+00
   1.1412900e+00   2.5451892e+00
   2.0551665e+00   8.1773028e-01
   1.3792045e+00   8.6287709e-01
   1.0139190e+00  -9.3964300e-03
   1.3063716e+00   1.0419246e+00
   1.9931495e+00   1.6709333e-01
   8.2596585e-01   2.7127863e+00
   2.2418946e+00  -1.4472396e-01
   2.0388339e+00  -1.4477397e+00
   2.4791364e+00  -2.7782260e+00
   8.6564303e-01   2.4768831e+00
   2.4268509e+00   4.9661251e-01
   2.8276476e+00   2.4724821e+00
   1.7473069e+00  -2.0544155e+00
   1.1306669e+00   7.0978050e-01
   3.3412499e-01   9.0616856e-01
   2.6518909e-01  -1.4552936e+00
   2.5220830e+00   2.6125762e+00
   2.1902640e+00   1.8011386e+00
   1.1146743e+00   1.9578526e+00
   8.5190149e-01  -1.0581123e+00
   1.0363834e+00   1.7207449e+00
   7.0208248e-01   1.1997019e+00
   1.7677138e+00  -2.6358740e+00
   1.8146052e+00   1.0199908e+00
   8.3897462e-01   2.5539762e+00
   2.3790231e+00   2.5959120e+00
   2.3859893e+00   2.3555143e+00
   1.3613811e+00  -1.1746312e+00
   1.1839107e+00  -2.3886396e+00
   3.3186696e-01  -1.5366373e+00
   5.5720518e-01   5.8575904e-01
   1.5009017e+00   1.1853458e+00
   1.4492352e+00   1.0736390e+00
   1.4147111e+00  -4.0441533e-01
   1.5811137e+00  -2.9510124e+00
   1.1607940e+00  -2.7269398e+00
   1.5969062e+00  -2.5680655e+00
   2.4485178e+00   1.5991194e+00
   2.7455663e+00  -1.0919320e+00
   1.0741123e+00   1.2979865e+00
   1.4016003e-01   9.2028290e-01
   1.7470728e+00   2.6775841e+00
   1.1488516e+00  -9.7527071e-01
   1.8883109e+00   1.0435204e+00
   7.1390301e-01   1.6460813e+00
   1.6405929e+00  -1.9310939e+00
   2.6941454e+00   2.3178843e+00
   1.4154059e+00  -2.3221993e+00
   1.8137873e+00   3.1162640e+00
   1.4915631e+00   1.6656985e+00
   8.4666435e-01  -3.0242038e+00
   4.5159897e-01   1.3774027e+00
   2.3052813e+00  -1.0180858e+00
   2.7692683e+00   2.6090811e+00
   1.0708068e+00  -2.4848152e+00
   1.1741251e+00   5.2166459e-03
   1.2780721e+00   3.0540192e+00
   6.4315737e-01  -5.8394187e-01
   1.7140211e+00  -2.9536076e+00
   1.9071923e+00   1.3870534e+00
   2.1324348e+00   1.8290500e+00
   1.5721493e+00  -2.8323686e+00
   1.8096549e+00  -2.3301968e+00
   1.7770909e+00  -2.2205048e+00
   1.4358147e+00  -2.4379860e+00
   2.2842508e+00  -1.9114426e+00
   1.4889233e+00   1.7572037e+00
   7.2081152e-01  -8.4496634e-02
   2.5520879e+00   2.9020968e+00
   2.4204946e+00  -2.7403919e+00
   1.1730292e+00  -1.1022853e+00
   1.2183794e+00  -8.5270138e-01
   1.0756922e+00   9.1080400e-01
   1.3446013e+00   2.8305220e+00
   1.6567717e+00  -5.2289692e-01
   9.2755871e-01   6.8730087e-01
   4.0704389e-01  -9.6667686e-01
   6.5429804e-01   6.0588783e-01
   1.0727338e+00  -6.3249129e-01
   1.5305849e+00  -1.2494180e-01
   2.6512438e-01  -2.3026781e+00
   7.1952488e-01   2.1000047e+00
   2.2976092e+00  -9.2715116e-01
   9.2974572e-01  -3.0759002e+00
   3.3309247e-01  -9.3508568e-01
   1.7042474e+00   1.2029331e+00
   4.0142125e-01   9.2730918e-01
   1.6440965e+00  -2.3409964e+00
   1.8438295e+00   2.7578626e-01
   1.8931244e+00  -2.0452588e+00
   2.1441966e+00  -1.0490005e+00
   2.3306348e+00  -3.0983533e-01
   1.5966387e+00  -6.3202912e-01
   1.2353059e+00   2.4223900e+00
   2.6180685e+00  -7.4230840e-01
   9.6075823e-01   2.9828419e+00
   1.2057155e+00   9.2644468e-01
   2.2396485e+00   1.6741033e-01
   2.1573406e+00   1.6426485e+00
   2.7156090e+00  -3.4061156e-01
   9.6763307e-01   2.6442977e+00
   2.4978146e+00   6.5517256e-02
   1.1069359e+00   3.0329263e+00
   9.9954419e-01   2.8055459e+00
   4.9959571e-01  -1.0117176e+00
   1.3872456e+00  -2.0273838e+00
   1.2409105e+00  -1.8473736e+00
   1.6104487e+00  -8.8219220e-02
   2.8228324e+00  -1.0757716e+00
   2.4486936e+00   2.3451487e+00
   2.4569012e+00  -2.3732852e+00
   9.1555248e-01   2.5908052e+00
   1.9620533e+00   1.2297352e+00
   2.1320128e+00  -7.2042540e-02
   1.5395616e+00   1.7642200e+00
   2.3776290e+00  -2.4083064e-01
   8.4185264e-01   4.3348710e-01
   6.8555229e-01   1.1508513e-01
   2.0022875e+00   1.3294436e+00
   2.6549123e+00  -6.4569970e-01
   1.1005530e+00  -2.3734229e+00
   1.7788114e+00  -1.4309190e+00
   1.0391959e+00   2.9618200e+00
   5.8743574e-01  -5.0116683e-01
   1.1947798e+00   2.7259580e+00
   4.3760358e-01  -1.9222210e+00
   6.1565109e-01  -2.5581425e-01
   2.5342877e+00   1.7571965e+00
   2.1481781e+00   7.6144306e-01
   1.2158147e+00   4.7434756e-01
   1.8909926e+00  -1.9761096e+00
   1.6908272e+00  -2.3855638e+00
   1.7006289e+00   1.7071039e+00
   1.1531641e-01   1.8253971e+00
   1.6027692e+00  -4.6365769e-01
   7.7530489e-01   3.1194503e+00
   1.1466488e+00  -2.2475215e+00
   2.2040727e+00  -2.8069066e+00
   2.0740859e+00   3.0836653e+00
   2.1055002e+00  -2.4363828e+00
   1.9975663e+00  -1.3124279e+00
   2.4802355e+00   1.4758711e+00
   2.1909156e+00   6.9409457e-01
   2.0931212e+00   2.0679415e+00
   2.2335814e+00   2.6887700e+00
   5.9882429e-01  -3.7381531e-01
   1.1653873e+00   1.0727684e+00
   1.9590765e+00  -2.4564637e+00
   2.0420672e+00   1.1217395e+00
   2.1477784e+00   2.9070949e+00
   8.7016431e-01  -1.5744456e+00
   2.8846054e+00  -2.9740657e+00
   2.1108288e+00   2.9691421e+00
   6.6484880e-01   4.4834794e-01
   2.1480452e+00  -2.9116141e+00
   2.9013067e+00  -1.0480793e+00
   1.7752931e+00   1.6459868e-01
   1.9115983e+00   1.2620239e+00
   4.9990031e-01  -2.2722478e+00
   2.0254713e+00   3.1348512e+00
   5.1372734e-01  -2.1218433e+00
   1.4277145e+00  -4.6992113e-01
   1.3820210e+00   6.1495731e-02
   2.7762345e+00  -3.0593621e-01
   1.8045017e+00   3.8625992e-01
   2.8084158e+00   1.8216626e-01
   2.8583065e+00  -1.2576739e+00
   1.8414665e+00  -1.3123899e+00
   1.4013280e+00   2.4729440e+00
   1.5602376e+00   1.6020786e+00
   2.8842461e+00  -2.7559175e+00
   1.9709816e+00   1.5287597e+00
   6.5947900e-01   1.3017078e+00
   1.7797046e+00   2.4592464e+00
   1.6246964e+00   2.8164824e+00
   5.5213700e-01   3.2618885e-01
   2.9572038e+00   8.3995960e-01
   1.9610442e+00  -1.6775962e+00
   1.5945025e+00  -8.1833963e-01
   1.6511906e+00   2.8865039e+00
   2.1530228e+00   1.9986631e+00
   1.9004937e+00   2.1073927e+00
   2.7139913e-01   2.0154592e+00
   2.4077921e+00  -1.8716658e+00
   1.4862078e+00  -2.9644224e+00
   2.2792259e+00   1.3153362e+00
   7.3394511e-01  -2.0203813e+00
   6.2861946e-01   2.9842137e+00
   9.8770844e-01  -2.4735294e+00
   1.0077601e+00  -1.1233381e+00
   1.0012217e+00   2.5007950e+00
   2.0407938e+00   9.0568796e-01
   1.9738309e+00   2.6321558e+00
   7.8601876e-01  -2.6902521e+00
   9.1757562e-01  -2.3709404e+00
   1.8322186e+00  -1.7340875e+00
   1.8564080e+00  -1.4312912e+00
   1.4937949e+00   2.9709784e+00
   1.8098749e+00   1.5998710e+00
   2.4903827e+00   8.7174595e-01
   1.0709305e+00  -2.9007265e+00
   1.1506448e+00  -7.0292813e-02
   1.8265878e+00  -9.7102813e-01
   6.7205220e-01  -2.2183543e+00
   2.0200414e+00   1.2600414e+00
   5.4154542e-01  -1.0924215e+00
   2.3423688e+00  -1.8167232e+00
   1.5839507e+00  -3.8513693e-01
   1.8639492e+00   1.2179310e+00
   2.9931330e+00  -1.4367193e+00
   1.1058426e+00   1.6626166e+00
   2.2721902e+00  -1.2436512e+00
   2.3596730e+00  -1.1901735e+00
   1.5336067e+00   1.4703201e-01
   2.2816414e+00   2.4187010e+00
   2.1393446e+00  -1.9059663e+00
   1.0957655e+00   1.6004709e+00
   7.1696874e-01  -2.6936337e+00
   5.9578529e-01   1.7016715e+00
   1.2529999e+00   4.7756659e-02
   7.4236901e-01  -8.1041013e-01
   5.3177539e-01   3.6182418e-02
   2.3741813e+00   1.1461219e+00
   1.3375278e+00   1.1729385e+00
   1.8822067e+00  -2.9773469e+00
   7.8223149e-01  -3.0019439e+00
   1.3719824e+00  -2.7596440e+00
   1.6367483e+00  -1.5901829e+00
   3.3501566e-01   2.7864894e+00
   2.6013673e+00   1.3879651e+00
   9.3984126e-01   1.4244826e+00
   2.4000595e+00   1.3792572e+00
   2.3517684e+00   6.6180093e-01
   6.7543606e-01   1.0518765e+00
   1.1248501e+00   3.5561807e-01
   1.8010824e+00  -1.7839336e+00
   2.1149296e+00  -5.1376607e-01
   2.0723483e+00   3.7780675e-02
   1.6396991e+00  -4.1259064e-01
   9.5320535e-01   3.1363284e+00
   1.0276982e+00   2.7251485e+00
   2.7803604e+00   1.9042224e+00
   2.5966909e+00  -3.0045988e+00
   1.5178389e+00   7.4604211e-01
   2.2566065e+00  -1.7143085e+00
   1.6407304e+00   3.1099745e+00
   2.4222106e+00  -2.4574916e+00
   9.2076510e-01   2.5167852e+00
   8.7843538e-01  -2.8916130e+00
   5.5694819e-01  -1.5557056e+00
   1.0621189e+00  -2.8376954e+00
   4.5234853e-01   1.9252538e+00
   2.3031740e+00  -1.9944541e+00
   6.8415711e-01   1.3911284e+00
   1.4610304e+00   4.7110056e-01
   2.1832730e+00   1.3003422e+00
   2.2135267e+00  -2.1979172e+00
   9.5666548e-01   1.9628579e+00
   1.8154548e+00   1.7695349e+00
   2.0462722e+00   1.9881063e-01
   8.1452116e-01  -2.5158152e+00
   1.3671272e+00  -1.8375351e+00
   1.5405867e+00  -1.3072933e+00
   2.0958568e+00   1.9162858e+00
   1.7577717e+00   2.5094179e+00
   1.9165172e+00  -2.6543729e+00
   1.1927221e+00  -7.8750712e-01
   1.6997110e+00  -2.6022201e+00
   1.3344076e+00  -2.2383488e+00
   2.6020037e+00   3.9065836e-01
   1.0380566e+00   2.8575527e+00
   2.2384817e+00  -2.1237731e+00
   2.2024279e+00   2.0311014e+00
   2.0766484e+00   2.1587742e+00
   1.1837522e+00  -2.2642378e-01
   2.3127667e+00  -5.3733955e-01
   1.5596690e+00  -1.2391091e+00
   1.1144640e+00  -1.9025176e+00
   1.1863363e+00  -3.0661839e+00
   1.0776389e+00  -3.0034882e+00
   4.3193676e-01  -3.8044658e-01
   2.9507367e+00   5.4414143e-02
   2.5669741e+00  -8.2330423e-01
   2.5675380e+00   4.8093927e-02
   1.5888906e+00   2.2636740e+00
   1.3921018e+00   1.2154608e+00
   1.3316416e+00  -2.6289608e+00
   1.4860925e+00  -1.6825998e+00
   2.6475177e+00   2.7628004e+00
   1.0335805e+00  -4.9687681e-01
   1.0723867e+00   2.7781985e+00
   1.6200655e+00  -2.2832958e+00
   1.9301768e+00   7.4568380e-02
   1.8692038e+00   1.9093375e+00
   2.3110014e+00  -2.1118215e-01
   2.8973111e+00   1.6726093e+00
   1.6653998e+00  -3.0620028e+00
   2.4097128e+00  -1.4391351e+00
   1.4868249e+00  -2.0150493e+00
   1.1705562e+00   8.1498956e-01
   1.8895786e+00   1.7665341e+00
   2.3392409e+00  -7.2989172e-01
   3.9670370e-01  -1.5832496e+00
   2.8364105e+00  -1.8532399e+00
   1.0467956e+00  -1.1789698e+00
   2.9057767e+00   6.5723521e-01
   1.3974597e+00   2.7998718e+00
   1.7886762e+00   2.5646432e+00
   2.8323657e+00   4.4457471e-03
   2.3035777e+00   3.2393004e-01
   2.2044924e+00   2.5700606e-01
   2.4273321e+00  -2.0690823e-01
   1.8261753e+00   7.4284537e-01
   1.7565719e+00  -3.0582829e+00
   8.5311476e-01  -1.4967893e+00
   2.1413301e+00   1.7281420e+00
   2.2240638e+00   1.2401246e+00
   1.1414195e+00  -4.4010426e-01
   9.0521770e-01  -4.5429797e-01
   1.0009674e+00  -2.5420270e+00
   2.7591498e+00  -2.4968908e+00
   5.2926963e-01   1.7090189e-01
   9.0397515e-01  -2.2731979e+00
   1.3439722e+00  -1.2298395e+00
   1.0468866e+00  -1.9826236e+00
   7.8332887e-01  -7.4368769e-01
   1.3122115e-01  -3.1228988e-01
   1.7468103e+00  -1.3714921e+00
   1.9099723e+00  -2.2183591e+00
   1.1057505e+00   8.3820569e-01
   2.4976569e+00  -1.4830470e+00
   1.3754192e+00  -1.2992757e+00
   1.2063577e+00   2.9986988e+00
   1.3341622e+00  -1.8981576e+00
   2.3383948e+00   1.0195053e-01
   3.8561150e-01   2.3422132e+00
   2.0189833e+00   3.5916305e-01
   1.1387629e+00   6.4023171e-01
   8.0871576e-01   1.2602767e+00
   6.3248498e-01   4.3724451e-02
   2.3608457e+00  -2.6548090e+00
   1.1935010e+00   1.1987526e+00
   2.5137895e+00  -1.7932208e+00
   9.7509148e-01  -2.6956396e+00
   6.8634752e-01   1.7785737e+00
   1.6306233e+00   2.5538568e+00
   1.1707319e+00   1.4203540e+00
   2.3800820e+00  -2.1765321e+00
   9.2862731e-01   1.6198880e+00
   2.6660772e+00  -1.7842826e+00
   2.4884390e+00  -2.0448312e+00
   1.3138775e+00  -1.1374481e+00
   2.0191490e+00  -2.0395140e-01
   1.8321006e+00  -3.4194249e-01
   9.6699827e-02   4.2309881e-01
   1.4213641e+00   1.2881717e+00
   2.0338276e+00   2.1064256e+00
   2.0429166e+00   1.0547174e+00
   2.3126282e+00  -2.1686581e+00
   1.2564339e+00   2.7289819e+00
   5.6532926e-01   1.4567923e+00
   1.7641244e+00  -3.1097647e+00
   8.3412760e-01   1.3461552e+00
   8.2726762e-01  -2.0104506e+00
   8.9064245e-01  -1.6644405e+00
   1.3519446e+00   2.6988212e+00
   1.1879766e+00   1.2625374e+00
   2.2667557e+00  -6.3156607e-01
   1.4339535e+00   2.1000722e-01
   2.5831952e+00  -1.8659701e+00
   1.0632082e+00  -1.2611784e+00
   2.5885750e+00  -2.3674261e+00
   1.7171955e+00  -1.1569076e+00
   9.7798210e-01  -1.3936852e+00
   1.6767500e+00   2.1699379e+00
   9.1914199e-01   2.3849132e+00
   5.8424733e-01  -2.4598457e+00
   1.9544009e+00   3.4630183e-01
   2.3779637e+00   1.7402922e-01
   1.7059496e+00   3.0105584e+00
   1.5997795e+00  -1.6824267e+00
   4.6467880e-01   7.1394960e-02
   2.3458610e+00  -1.5924910e+00
   2.1782175e+00  -5.2498125e-01
   2.4362132e+00   1.1500882e+00
   2.6352651e+00   1.6755636e+00
   2.2852284e+00   7.4033174e-01
   1.3360598e+00   4.3962986e-01
   1.5125490e+00   2.2299677e+00
   8.9499755e-01   2.3012929e+00
   1.9969008e+00   2.5617565e+00
   2.3586418e+00   2.0816573e+00
   1.0183807e+00  -1.3265741e+00
   1.1163414e+00  -2.6871655e+00
   2.3698507e+00   5.7386431e-01
   1.1736439e+00   2.6268169e+00
   2.5238269e+00   1.9136884e+00
   1.5735860e+00  -7.0063530e-01
   1.8241063e+00   1.5270042e+00
   2.5773055e+00   1.8495877e+00
   9.8127341e-01  -1.8983596e+00
   2.5250883e+00   1.2340922e+00
   1.4517066e+00   1.3616010e+00
   2.6178664e-01   2.2394506e+00
   1.2803167e+00   2.7852405e+00
   1.8852846e+00  -1.1755295e+00
   2.6868712e+00   1.5845862e+00
   1.8310245e+00  -1.1226762e+00
   4.8965978e-01  -3.0802970e-01
   1.9842581e-01  -1.8820223e+00
   1.2231419e+00   1.4560886e+00
   4.4839890e-01   2.5780436e+00
   1.2433402e+00   1.6334101e+00
   1.4845912e+00   1.3006084e+00
   1.3220011e+00   2.7949619e-01
   2.4550144e+00  -2.8722821e+00
   1.6020768e+00  -3.1310288e+00
   1.8088585e+00   1.4721127e+00
   1.5320828e+00   2.7410902e+00
   1.4071778e+00  -2.2126129e+00
   2.4329122e+00   2.8172809e+00
   2.8122011e+00   2.9742613e+00
   1.0508301e+00  -1.7656944e+00
   1.4481068e+00   1.7087901e+00
   1.6695391e+00   3.9226223e-01
   8.1860264e-01   3.2468275e-02
   2.8743986e+00   2.8325299e+00
   1.9247051e+00   2.5152131e+00
   2.0756506e+00   2.7626869e+00
   1.6863688e+00  -1.8169091e+00
   1.7705880e+00   8.5979207e-01
   2.9454563e+00  -4.4841117e-01
   1.3777094e+00   2.4168242e+00
   1.8661638e+00  -8.8853474e-01
   2.1904601e+00  -1.6842502e+00
   2.2853903e+00  -8.1675787e-01
   1.1962107e+00  -6.1080224e-01
   2.3118530e+00  -2.3218570e+00
   9.8816015e-01   2.5683416e+00
   2.5032236e+00   2.4231694e+00
   2.2609999e+00  -1.1590459e+00
   9.1757562e-01   7.7065221e-01
   1.8322186e+00   1.4075052e+00
   1.8564080e+00   1.7103014e+00
   1.4937949e+00  -1.7061424e-01
   1.8098749e+00  -1.5417217e+00
   2.4903827e+00  -2.2698467e+00
   1.0709305e+00   2.4086614e-01
   1.1506448e+00   3.0712998e+00
   1.8265878e+00   2.1705645e+00
   6.7205220e-01   9.2323838e-01
   2.0200414e+00  -1.8815513e+00
   5.4154542e-01   2.0491712e+00
   2.3423688e+00   1.3248694e+00
   1.5839507e+00   2.7564557e+00
   1.8639492e+00  -1.9236617e+00
   2.9931330e+00   1.7048734e+00
   1.1058426e+00  -1.4789761e+00
   2.2721902e+00   1.8979414e+00
   2.3596730e+00   1.9514191e+00
   1.5336067e+00  -2.9945606e+00
   2.2816414e+00  -7.2289169e-01
   2.1393446e+00   1.2356263e+00
   1.0957655e+00  -1.5411218e+00
   7.1696874e-01   4.4795898e-01
   5.9578529e-01  -1.4399211e+00
   1.2529999e+00  -3.0938360e+00
   7.4236901e-01   2.3311825e+00
   5.3177539e-01  -3.1054102e+00
   2.3741813e+00  -1.9954707e+00
   1.3375278e+00  -1.9686542e+00
   1.8822067e+00   1.6424574e-01
   7.8223149e-01   1.3964878e-01
   1.3719824e+00   3.8194861e-01
   1.6367483e+00   1.5514098e+00
   3.3501566e-01  -3.5510326e-01
   2.6013673e+00  -1.7536275e+00
   9.3984126e-01  -1.7171100e+00
   2.4000595e+00  -1.7623354e+00
   2.3517684e+00  -2.4797917e+00
   6.7543606e-01  -2.0897162e+00
   1.1248501e+00  -2.7859746e+00
   1.8010824e+00   1.3576590e+00
   2.1149296e+00   2.6278266e+00
   2.0723483e+00  -3.1038120e+00
   1.6396991e+00   2.7290020e+00
   9.5320535e-01  -5.2642880e-03
   1.0276982e+00  -4.1644413e-01
   2.7803604e+00  -1.2373703e+00
   2.5966909e+00   1.3699384e-01
   1.5178389e+00  -2.3955505e+00
   2.2566065e+00   1.4272842e+00
   1.6407304e+00  -3.1618130e-02
   2.4222106e+00   6.8410108e-01
   9.2076510e-01  -6.2480742e-01
   8.7843538e-01   2.4997963e-01
   5.5694819e-01   1.5858870e+00
   1.0621189e+00   3.0389728e-01
   4.5234853e-01  -1.2163389e+00
   2.3031740e+00   1.1471386e+00
   6.8415711e-01  -1.7504642e+00
   1.4610304e+00  -2.6704921e+00
   2.1832730e+00  -1.8412504e+00
   2.2135267e+00   9.4367544e-01
   9.5666548e-01  -1.1787348e+00
   1.8154548e+00  -1.3720578e+00
   2.0462722e+00  -2.9427820e+00
   8.1452116e-01   6.2577748e-01
   1.3671272e+00   1.3040575e+00
   1.5405867e+00   1.8342994e+00
   2.0958568e+00  -1.2253068e+00
   1.7577717e+00  -6.3217479e-01
   1.9165172e+00   4.8721973e-01
   1.1927221e+00   2.3540855e+00
   1.6997110e+00   5.3937256e-01
   1.3344076e+00   9.0324387e-01
   2.6020037e+00  -2.7509343e+00
   1.0380566e+00  -2.8403996e-01
   2.2384817e+00   1.0178195e+00
   2.2024279e+00  -1.1104912e+00
   2.0766484e+00  -9.8281843e-01
   1.1837522e+00   2.9151689e+00
   2.3127667e+00   2.6042531e+00
   1.5596690e+00   1.9024836e+00
   1.1144640e+00   1.2390751e+00
   1.1863363e+00   7.5408748e-02
   1.0776389e+00   1.3810450e-01
   4.3193676e-01   2.7611461e+00
   2.9507367e+00  -3.0871785e+00
   2.5669741e+00   2.3182884e+00
   2.5675380e+00  -3.0934987e+00
   1.5888906e+00  -8.7791864e-01
   1.3921018e+00  -1.9261318e+00
   1.3316416e+00   5.1263181e-01
   1.4860925e+00   1.4589928e+00
   2.6475177e+00  -3.7879226e-01
   1.0335805e+00   2.6447158e+00
   1.0723867e+00  -3.6339419e-01
   1.6200655e+00   8.5829686e-01
   1.9301768e+00  -3.0670243e+00
   1.8692038e+00  -1.2322552e+00
   2.3110014e+00   2.9304105e+00
   2.8973111e+00  -1.4689833e+00
   1.6653998e+00   7.9589851e-02
   2.4097128e+00   1.7024576e+00
   1.4868249e+00   1.1265433e+00
   1.1705562e+00  -2.3266031e+00
   1.8895786e+00  -1.3750586e+00
   2.3392409e+00   2.4117009e+00
   3.9670370e-01   1.5583431e+00
   2.8364105e+00   1.2883528e+00
   1.0467956e+00   1.9626228e+00
   2.9057767e+00  -2.4843574e+00
   1.3974597e+00  -3.4172081e-01
   1.7886762e+00  -5.7694946e-01
   2.8323657e+00  -3.1371469e+00
   2.3035777e+00  -2.8176626e+00
   2.2044924e+00  -2.8845866e+00
   2.4273321e+00   2.9346844e+00
   1.8261753e+00  -2.3987473e+00
   1.7565719e+00   8.3309708e-02
   8.5311476e-01   1.6448033e+00
   2.1413301e+00  -1.4134507e+00
   2.2240638e+00  -1.9014680e+00
   1.1414195e+00   2.7014884e+00
   9.0521770e-01   2.6872947e+00
   1.0009674e+00   5.9956566e-01
   2.7591498e+00   6.4470185e-01
   5.2926963e-01  -2.9706908e+00
   9.0397515e-01   8.6839475e-01
   1.3439722e+00   1.9117532e+00
   1.0468866e+00   1.1589691e+00
   7.8332887e-01   2.3979050e+00
   1.3122115e-01   2.8293028e+00
   1.7468103e+00   1.7701005e+00
   1.9099723e+00   9.2323353e-01
   1.1057505e+00  -2.3033870e+00
   2.4976569e+00   1.6585457e+00
   1.3754192e+00   1.8423169e+00
   1.2063577e+00  -1.4289390e-01
   1.3341622e+00   1.2434351e+00
   2.3383948e+00  -3.0396421e+00
   3.8561150e-01  -7.9937949e-01
   2.0189833e+00  -2.7824296e+00
   1.1387629e+00  -2.5013609e+00
   8.0871576e-01  -1.8813160e+00
   6.3248498e-01  -3.0978682e+00
   2.3608457e+00   4.8678370e-01
   1.1935010e+00  -1.9428400e+00
   2.5137895e+00   1.3483719e+00
   9.7509148e-01   4.4595301e-01
   6.8634752e-01  -1.3630190e+00
   1.6306233e+00  -5.8773588e-01
   1.1707319e+00  -1.7212386e+00
   2.3800820e+00   9.6506053e-01
   9.2862731e-01  -1.5217047e+00
   2.6660772e+00   1.3573100e+00
   2.4884390e+00   1.0967614e+00
   1.3138775e+00   2.0041446e+00
   2.0191490e+00   2.9376413e+00
   1.8321006e+00   2.7996502e+00
   9.6699827e-02  -2.7184938e+00
   1.4213641e+00  -1.8534210e+00
   2.0338276e+00  -1.0351670e+00
   2.0429166e+00  -2.0868753e+00
   2.3126282e+00   9.7293460e-01
   1.2564339e+00  -4.1261077e-01
   5.6532926e-01  -1.6848004e+00
   1.7641244e+00   3.1827911e-02
   8.3412760e-01  -1.7954375e+00
   8.2726762e-01   1.1311421e+00
   8.9064245e-01   1.4771521e+00
   1.3519446e+00  -4.4277144e-01
   1.1879766e+00  -1.8790553e+00
   2.2667557e+00   2.5100266e+00
   1.4339535e+00  -2.9315854e+00
   2.5831952e+00   1.2756226e+00
   1.0632082e+00   1.8804142e+00
   2.5885750e+00   7.7416660e-01
   1.7171955e+00   1.9846851e+00
   9.7798210e-01   1.7479075e+00
   1.6767500e+00  -9.7165478e-01
   9.1914199e-01  -7.5667941e-01
   5.8424733e-01   6.8174694e-01
   1.9544009e+00  -2.7952908e+00
   2.3779637e+00  -2.9675634e+00
   1.7059496e+00  -1.3103429e-01
   1.5997795e+00   1.4591660e+00
   4.6467880e-01  -3.0701977e+00
   2.3458610e+00   1.5491017e+00
   2.1782175e+00   2.6166114e+00
   2.4362132e+00  -1.9915045e+00
   2.6352651e+00  -1.4660290e+00
   2.2852284e+00  -2.4012609e+00
   1.3360598e+00  -2.7019628e+00
   1.5125490e+00  -9.1162500e-01
   8.9499755e-01  -8.4029974e-01
   1.9969008e+00  -5.7983611e-01
   2.3586418e+00  -1.0599353e+00
   1.0183807e+00   1.8150185e+00
   1.1163414e+00   4.5442714e-01
   2.3698507e+00  -2.5677283e+00
   1.1736439e+00  -5.1477577e-01
   2.5238269e+00  -1.2279043e+00
   1.5735860e+00   2.4409574e+00
   1.8241063e+00  -1.6145884e+00
   2.5773055e+00  -1.2920050e+00
   9.8127341e-01   1.2432331e+00
   2.5250883e+00  -1.9075005e+00
   1.4517066e+00  -1.7799916e+00
   2.6178664e-01  -9.0214202e-01
   1.2803167e+00  -3.5635215e-01
   1.8852846e+00   1.9660631e+00
   2.6868712e+00  -1.5570065e+00
   1.8310245e+00   2.0189164e+00
   4.8965978e-01   2.8335630e+00
   1.9842581e-01   1.2595703e+00
   1.2231419e+00  -1.6855040e+00
   4.4839890e-01  -5.6354906e-01
   1.2433402e+00  -1.5081826e+00
   1.4845912e+00  -1.8409842e+00
   1.3220011e+00  -2.8620965e+00
   2.4550144e+00   2.6931055e-01
   1.6020768e+00   1.0563889e-02
   1.8088585e+00  -1.6694799e+00
   1.5320828e+00  -4.0050246e-01
   1.4071778e+00   9.2897973e-01
   2.4329122e+00  -3.2431176e-01
   2.8122011e+00  -1.6733138e-01
   1.0508301e+00   1.3758983e+00
   1.4481068e+00  -1.4328026e+00
   1.6695391e+00  -2.7493304e+00
   8.1860264e-01  -3.1091244e+00
   2.8743986e+00  -3.0906272e-01
   1.9247051e+00  -6.2637954e-01
   2.0756506e+00  -3.7890577e-01
   1.6863688e+00   1.3246835e+00
   1.7705880e+00  -2.2818006e+00
   2.9454563e+00   2.6931815e+00
   1.3777094e+00  -7.2476846e-01
   1.8661638e+00   2.2530579e+00
   2.1904601e+00   1.4573424e+00
   2.2853903e+00   2.3248348e+00
   1.1962107e+00   2.5307904e+00
   2.3118530e+00   8.1973565e-01
   9.8816015e-01  -5.7325110e-01
   2.5032236e+00  -7.1842323e-01
   2.2609999e+00   1.9825468e+00
   2.2240170e+00  -7.7065221e-01
   1.3093740e+00  -1.4075052e+00
   1.2851846e+00  -1.7103014e+00
   1.6477977e+00   1.7061424e-01
   1.3317178e+00   1.5417217e+00
   6.5120997e-01   2.2698467e+00
   2.0706622e+00  -2.4086614e-01
   1.9909478e+00  -3.0712998e+00
   1.3150049e+00  -2.1705645e+00
   2.4695404e+00  -9.2323838e-01
   1.1215512e+00   1.8815513e+00
   2.6000472e+00  -2.0491712e+00
   7.9922385e-01  -1.3248694e+00
   1.5576419e+00  -2.7564557e+00
   1.2776434e+00   1.9236617e+00
   1.4845969e-01  -1.7048734e+00
   2.0357500e+00   1.4789761e+00
   8.6940244e-01  -1.8979414e+00
   7.8191966e-01  -1.9514191e+00
   1.6079859e+00   2.9945606e+00
   8.5995123e-01   7.2289169e-01
   1.0022481e+00  -1.2356263e+00
   2.0458272e+00   1.5411218e+00
   2.4246239e+00  -4.4795898e-01
   2.5458074e+00   1.4399211e+00
   1.8885927e+00   3.0938360e+00
   2.3992236e+00  -2.3311825e+00
   2.6098173e+00   3.1054102e+00
   7.6741139e-01   1.9954707e+00
   1.8040649e+00   1.9686542e+00
   1.2593860e+00  -1.6424574e-01
   2.3593612e+00  -1.3964878e-01
   1.7696103e+00  -3.8194861e-01
   1.5048444e+00  -1.5514098e+00
   2.8065770e+00   3.5510326e-01
   5.4022534e-01   1.7536275e+00
   2.2017514e+00   1.7171100e+00
   7.4153314e-01   1.7623354e+00
   7.8982422e-01   2.4797917e+00
   2.4661566e+00   2.0897162e+00
   2.0167425e+00   2.7859746e+00
   1.3405102e+00  -1.3576590e+00
   1.0266630e+00  -2.6278266e+00
   1.0692444e+00   3.1038120e+00
   1.5018936e+00  -2.7290020e+00
   2.1883873e+00   5.2642880e-03
   2.1138945e+00   4.1644413e-01
   3.6123224e-01   1.2373703e+00
   5.4490176e-01  -1.3699384e-01
   1.6237537e+00   2.3955505e+00
   8.8498618e-01  -1.4272842e+00
   1.5008623e+00   3.1618130e-02
   7.1938206e-01  -6.8410108e-01
   2.2208275e+00   6.2480742e-01
   2.2631573e+00  -2.4997963e-01
   2.5846445e+00  -1.5858870e+00
   2.0794738e+00  -3.0389728e-01
   2.6892441e+00   1.2163389e+00
   8.3841862e-01  -1.1471386e+00
   2.4574355e+00   1.7504642e+00
   1.6805622e+00   2.6704921e+00
   9.5831964e-01   1.8412504e+00
   9.2806600e-01  -9.4367544e-01
   2.1849272e+00   1.1787348e+00
   1.3261379e+00   1.3720578e+00
   1.0953205e+00   2.9427820e+00
   2.3270715e+00  -6.2577748e-01
   1.7744654e+00  -1.3040575e+00
   1.6010060e+00  -1.8342994e+00
   1.0457359e+00   1.2253068e+00
   1.3838210e+00   6.3217479e-01
   1.2250755e+00  -4.8721973e-01
   1.9488706e+00  -2.3540855e+00
   1.4418817e+00  -5.3937256e-01
   1.8071851e+00  -9.0324387e-01
   5.3958899e-01   2.7509343e+00
   2.1035360e+00   2.8403996e-01
   9.0311098e-01  -1.0178195e+00
   9.3916471e-01   1.1104912e+00
   1.0649443e+00   9.8281843e-01
   1.9578404e+00  -2.9151689e+00
   8.2882600e-01  -2.6042531e+00
   1.5819237e+00  -1.9024836e+00
   2.0271286e+00  -1.2390751e+00
   1.9552564e+00  -7.5408748e-02
   2.0639537e+00  -1.3810450e-01
   2.7096559e+00  -2.7611461e+00
   1.9085598e-01   3.0871785e+00
   5.7461854e-01  -2.3182884e+00
   5.7405461e-01   3.0934987e+00
   1.5527020e+00   8.7791864e-01
   1.7494909e+00   1.9261318e+00
   1.8099510e+00  -5.1263181e-01
   1.6555002e+00  -1.4589928e+00
   4.9407500e-01   3.7879226e-01
   2.1080121e+00  -2.6447158e+00
   2.0692060e+00   3.6339419e-01
   1.5215272e+00  -8.5829686e-01
   1.2114159e+00   3.0670243e+00
   1.2723888e+00   1.2322552e+00
   8.3059129e-01  -2.9304105e+00
   2.4428157e-01   1.4689833e+00
   1.4761928e+00  -7.9589851e-02
   7.3187980e-01  -1.7024576e+00
   1.6547678e+00  -1.1265433e+00
   1.9710365e+00   2.3266031e+00
   1.2520141e+00   1.3750586e+00
   8.0235179e-01  -2.4117009e+00
   2.7448890e+00  -1.5583431e+00
   3.0518218e-01  -1.2883528e+00
   2.0947971e+00  -1.9626228e+00
   2.3581593e-01   2.4843574e+00
   1.7441329e+00   3.4172081e-01
   1.3529165e+00   5.7694946e-01
   3.0922695e-01   3.1371469e+00
   8.3801492e-01   2.8176626e+00
   9.3710024e-01   2.8845866e+00
   7.1426059e-01  -2.9346844e+00
   1.3154174e+00   2.3987473e+00
   1.3850207e+00  -8.3309708e-02
   2.2884779e+00  -1.6448033e+00
   1.0002625e+00   1.4134507e+00
   9.1752884e-01   1.9014680e+00
   2.0001732e+00  -2.7014884e+00
   2.2363750e+00  -2.6872947e+00
   2.1406252e+00  -5.9956566e-01
   3.8244286e-01  -6.4470185e-01
   2.6123230e+00   2.9706908e+00
   2.2376175e+00  -8.6839475e-01
   1.7976204e+00  -1.9117532e+00
   2.0947060e+00  -1.1589691e+00
   2.3582638e+00  -2.3979050e+00
   3.0103715e+00  -2.8293028e+00
   1.3947824e+00  -1.7701005e+00
   1.2316204e+00  -9.2323353e-01
   2.0358421e+00   2.3033870e+00
   6.4393573e-01  -1.6585457e+00
   1.7661735e+00  -1.8423169e+00
   1.9352350e+00   1.4289390e-01
   1.8074304e+00  -1.2434351e+00
   8.0319783e-01   3.0396421e+00
   2.7559811e+00   7.9937949e-01
   1.1226093e+00   2.7824296e+00
   2.0028298e+00   2.5013609e+00
   2.3328769e+00   1.8813160e+00
   2.5091077e+00   3.0978682e+00
   7.8074699e-01  -4.8678370e-01
   1.9480917e+00   1.9428400e+00
   6.2780313e-01  -1.3483719e+00
   2.1665012e+00  -4.4595301e-01
   2.4552451e+00   1.3630190e+00
   1.5109694e+00   5.8773588e-01
   1.9708607e+00   1.7212386e+00
   7.6151067e-01  -9.6506053e-01
   2.2129653e+00   1.5217047e+00
   4.7551543e-01  -1.3573100e+00
   6.5315368e-01  -1.0967614e+00
   1.8277151e+00  -2.0041446e+00
   1.1224437e+00  -2.9376413e+00
   1.3094920e+00  -2.7996502e+00
   3.0448928e+00   2.7184938e+00
   1.7202286e+00   1.8534210e+00
   1.1077650e+00   1.0351670e+00
   1.0986761e+00   2.0868753e+00
   8.2896441e-01  -9.7293460e-01
   1.8851587e+00   4.1261077e-01
   2.5762634e+00   1.6848004e+00
   1.3774682e+00  -3.1827911e-02
   2.3074651e+00   1.7954375e+00
   2.3143250e+00  -1.1311421e+00
   2.2509502e+00  -1.4771521e+00
   1.7896480e+00   4.4277144e-01
   1.9536161e+00   1.8790553e+00
   8.7483700e-01  -2.5100266e+00
   1.7076391e+00   2.9315854e+00
   5.5839745e-01  -1.2756226e+00
   2.0783844e+00  -1.8804142e+00
   5.5301761e-01  -7.7416660e-01
   1.4243971e+00  -1.9846851e+00
   2.1636105e+00  -1.7479075e+00
   1.4648427e+00   9.7165478e-01
   2.2224507e+00   7.5667941e-01
   2.5573453e+00  -6.8174694e-01
   1.1871918e+00   2.7952908e+00
   7.6362891e-01   2.9675634e+00
   1.4356430e+00   1.3103429e-01
   1.5418131e+00  -1.4591660e+00
   2.6769139e+00   3.0701977e+00
   7.9573164e-01  -1.5491017e+00
   9.6337520e-01  -2.6166114e+00
   7.0537941e-01   1.9915045e+00
   5.0632760e-01   1.4660290e+00
   8.5636428e-01   2.4012609e+00
   1.8055328e+00   2.7019628e+00
   1.6290437e+00   9.1162500e-01
   2.2465951e+00   8.4029974e-01
   1.1446918e+00   5.7983611e-01
   7.8295083e-01   1.0599353e+00
   2.1232119e+00  -1.8150185e+00
   2.0252512e+00  -4.5442714e-01
   7.7174193e-01   2.5677283e+00
   1.9679487e+00   5.1477577e-01
   6.1776580e-01   1.2279043e+00
   1.5680067e+00  -2.4409574e+00
   1.3174864e+00   1.6145884e+00
   5.6428718e-01   1.2920050e+00
   2.1603192e+00  -1.2432331e+00
   6.1650434e-01   1.9075005e+00
   1.6898860e+00   1.7799916e+00
   2.8798060e+00   9.0214202e-01
   1.8612759e+00   3.5635215e-01
   1.2563081e+00  -1.9660631e+00
   4.5472148e-01   1.5570065e+00
   1.3105682e+00  -2.0189164e+00
   2.6519329e+00  -2.8335630e+00
   2.9431668e+00  -1.2595703e+00
   1.9184507e+00   1.6855040e+00
   2.6931938e+00   5.6354906e-01
   1.8982524e+00   1.5081826e+00
   1.6570014e+00   1.8409842e+00
   1.8195916e+00   2.8620965e+00
   6.8657829e-01  -2.6931055e-01
   1.5395158e+00  -1.0563889e-02
   1.3327342e+00   1.6694799e+00
   1.6095098e+00   4.0050246e-01
   1.7344148e+00  -9.2897973e-01
   7.0868049e-01   3.2431176e-01
   3.2939155e-01   1.6733138e-01
   2.0907625e+00  -1.3758983e+00
   1.6934859e+00   1.4328026e+00
   1.4720535e+00   2.7493304e+00
   2.3229900e+00   3.1091244e+00
   2.6719408e-01   3.0906272e-01
   1.2168875e+00   6.2637954e-01
   1.0659420e+00   3.7890577e-01
   1.4552238e+00  -1.3246835e+00
   1.3710046e+00   2.2818006e+00
   1.9613634e-01  -2.6931815e+00
   1.7638833e+00   7.2476846e-01
   1.2754289e+00  -2.2530579e+00
   9.5113251e-01  -1.4573424e+00
   8.5620235e-01  -2.3248348e+00
   1.9453820e+00  -2.5307904e+00
   8.2973965e-01  -8.1973565e-01
   2.1534325e+00   5.7325110e-01
   6.3836908e-01   7.1842323e-01
   8.8059278e-01  -1.9825468e+00
