Hematite (c,Z) and (a,x) fibres trigonal      
001  D3He  5.00 5.0090.00    1    0  (18f4.0)
 1000 2.00   10    0   0. MATHEMATICAL POLE FIGURE        (C1)
505350535053505350535053505350535053505350535053505350535053505350535053
505350535053505350535053505350535053505350535053505350535053505350535053
505350535053505350535053505350535053505350535053505350535053505350535053
505350535053505350535053505350535053505350535053505350535053505350535053
490549044901489748924885487748694860485048414832482448164809480448004798
479747984800480448094816482448324841485048604869487748854892489749014904
490549044901489748924885487748694860485048414832482448164809480448004798
479747984800480448094816482448324841485048604869487748854892489749014904
450545024492447644544428439843664331429742634230420041734150413241184110
410841104118413241504173420042304263429743314366439844284454447644924502
450545024492447644544428439843664331429742634230420041734150413241184110
410841104118413241504173420042304263429743314366439844284454447644924502
396939623940390538583802373936713601353234653403334732973256322331993185
318031853199322332563297334734033465353236013671373938023858390539403962
396939623940390538583802373936713601353234653403334732973256322331993185
318031853199322332563297334734033465353236013671373938023858390539403962
342634143376331632373143304029322824272026222534245523892334229222612243
223722432261229223342389245525342622272028242932304031433237331633763414
342634143376331632373143304029322824272026222534245523892334229222612243
223722432261229223342389245525342622272028242932304031433237331633763414
297229532895280526892554241022632121198818691764167516011542149814671449
144314491467149815421601167517641869198821212263241025542689280528952953
297229532895280526892554241022632121198818691764167516011542149814671449
144314491467149815421601167517641869198821212263241025542689280528952953
26452618253924152259208319001720155314041274116610781008 954 914 887 872
 867 872 887 914 9541008107811661274140415531720190020832259241525392618
26452618253924152259208319001720155314041274116610781008 954 914 887 872
 867 872 887 914 9541008107811661274140415531720190020832259241525392618
243924042300214219451730151413111130 976 849 748 669 610 566 535 515 503
 500 503 515 535 566 610 669 748 849 97611301311151417301945214223002404
243924042300214219451730151413111130 976 849 748 669 610 566 535 515 503
 500 503 515 535 566 610 669 748 849 97611301311151417301945214223002404
23242279215019561722147312311014 830 681 566 479 415 369 337 315 301 294
 291 294 301 315 337 369 415 479 566 681 8301014123114731722195621502279
23242279215019561722147312311014 830 681 566 479 415 369 337 315 301 294
 291 294 301 315 337 369 415 479 566 681 8301014123114731722195621502279
2265221120571829155912821024 802 623 487 387 316 267 235 213 199 190 186
 184 186 190 199 213 235 267 316 387 487 623 802102412821559182920572211
2265221120571829155912821024 802 623 487 387 316 267 235 213 199 190 186
 184 186 190 199 213 235 267 316 387 487 623 802102412821559182920572211
223921751996173514351135 868 648 481 360 277 222 187 165 151 143 138 135
 134 135 138 143 151 165 187 222 277 360 481 648 86811351435173519962175
223921751996173514351135 868 648 481 360 277 222 187 165 151 143 138 135
 134 135 138 143 151 165 187 222 277 360 481 648 86811351435173519962175
222721551953166213351019 748 536 382 278 211 170 145 131 122 117 115 113
 113 113 115 117 122 131 145 170 211 278 382 536 74810191335166219532155
222721551953166213351019 748 536 382 278 211 170 145 131 122 117 115 113
 113 113 115 117 122 131 145 170 211 278 382 536 74810191335166219532155
22232142191816011252 926 655 453 314 225 171 141 124 114 109 107 105 105
 104 105 105 107 109 114 124 141 171 225 314 453 655 9261252160119182142
22232142191816011252 926 655 453 314 225 171 141 124 114 109 107 105 105
 104 105 105 107 109 114 124 141 171 225 314 453 655 9261252160119182142
22222133189015501184 850 584 392 267 191 148 125 113 107 104 102 102 101
 101 101 102 102 104 107 113 125 148 191 267 392 584 8501184155018902133
22222133189015501184 850 584 392 267 191 148 125 113 107 104 102 102 101
 101 101 102 102 104 107 113 125 148 191 267 392 584 8501184155018902133
22212126186615081129 791 529 348 234 168 133 116 107 103 101 101 100 100
 100 100 100 101 101 103 107 116 133 168 234 348 529 7911129150818662126
22212126186615081129 791 529 348 234 168 133 116 107 103 101 101 100 100
 100 100 100 101 101 103 107 116 133 168 234 348 529 7911129150818662126
22212120184814751086 747 490 317 212 154 125 111 104 102 100 100 100 100
 100 100 100 100 100 102 104 111 125 154 212 317 490 7471086147518482120
22212120184814751086 747 490 317 212 154 125 111 104 102 100 100 100 100
 100 100 100 100 100 102 104 111 125 154 212 317 490 7471086147518482120
22212117183414511056 716 463 296 198 146 120 108 103 101 100 100 100 100
 100 100 100 100 100 101 103 108 120 146 198 296 463 7161056145118342117
22212117183414511056 716 463 296 198 146 120 108 103 101 100 100 100 100
 100 100 100 100 100 101 103 108 120 146 198 296 463 7161056145118342117
22212114182614371038 697 447 285 190 141 117 107 102 101 100 100 100 100
 100 100 100 100 100 101 102 107 117 141 190 285 447 6971038143718262114
22212114182614371038 697 447 285 190 141 117 107 102 101 100 100 100 100
 100 100 100 100 100 101 102 107 117 141 190 285 447 6971038143718262114
22212113182314321032 691 442 281 188 140 116 106 102 100 100 100 100 100
 100 100 100 100 100 100 102 106 116 140 188 281 442 6911032143218232113
22212113182314321032 691 442 281 188 140 116 106 102 100 100 100 100 100
 100 100 100 100 100 100 102 106 116 140 188 281 442 6911032143218232113
Hematite (c,Z) and (a,x) fibres trigonal
110  D3He  5.00 5.0090.00    1    0  (18f4.0)
 1000  .40   10    0   0. MATHEMATICAL POLE FIGURE        (C1)
 508 508 508 508 508 508 508 508 508 508 508 508 508 508 508 508 508 508
 508 508 508 508 508 508 508 508 508 508 508 508 508 508 508 508 508 508
 508 508 508 508 508 508 508 508 508 508 508 508 508 508 508 508 508 508
 508 508 508 508 508 508 508 508 508 508 508 508 508 508 508 508 508 508
 509 509 509 510 510 511 513 514 515 517 518 519 520 522 522 523 524 524
 524 524 524 523 522 522 520 519 518 517 515 514 513 511 510 510 509 509
 509 509 509 510 510 511 513 514 515 517 518 519 520 522 522 523 524 524
 524 524 524 523 522 522 520 519 518 517 515 514 513 511 510 510 509 509
 509 509 511 513 516 520 524 529 534 539 544 549 553 557 560 563 565 566
 567 566 565 563 560 557 553 549 544 539 534 529 524 520 516 513 511 509
 509 509 511 513 516 520 524 529 534 539 544 549 553 557 560 563 565 566
 567 566 565 563 560 557 553 549 544 539 534 529 524 520 516 513 511 509
 509 510 514 519 525 534 543 553 563 573 583 592 600 607 613 618 621 623
 624 623 621 618 613 607 600 592 583 573 563 553 543 534 525 519 514 510
 509 510 514 519 525 534 543 553 563 573 583 592 600 607 613 618 621 623
 624 623 621 618 613 607 600 592 583 573 563 553 543 534 525 519 514 510
 510 512 518 527 538 552 567 582 598 613 627 640 651 661 669 675 679 682
 683 682 679 675 669 661 651 640 627 613 598 582 567 552 538 527 518 512
 510 512 518 527 538 552 567 582 598 613 627 640 651 661 669 675 679 682
 683 682 679 675 669 661 651 640 627 613 598 582 567 552 538 527 518 512
 513 516 524 538 555 574 595 616 637 656 673 688 701 712 721 727 732 735
 736 735 732 727 721 712 701 688 673 656 637 616 595 574 555 538 524 516
 513 516 524 538 555 574 595 616 637 656 673 688 701 712 721 727 732 735
 736 735 732 727 721 712 701 688 673 656 637 616 595 574 555 538 524 516
 519 523 535 553 575 601 627 653 677 699 718 734 747 758 766 772 776 779
 780 779 776 772 766 758 747 734 718 699 677 653 627 601 575 553 535 523
 519 523 535 553 575 601 627 653 677 699 718 734 747 758 766 772 776 779
 780 779 776 772 766 758 747 734 718 699 677 653 627 601 575 553 535 523
 530 536 551 574 602 633 664 694 720 743 762 777 790 799 807 812 816 818
 819 818 816 812 807 799 790 777 762 743 720 694 664 633 602 574 551 536
 530 536 551 574 602 633 664 694 720 743 762 777 790 799 807 812 816 818
 819 818 816 812 807 799 790 777 762 743 720 694 664 633 602 574 551 536
 550 557 576 604 638 674 709 740 767 790 808 822 833 842 849 854 858 861
 861 861 858 854 849 842 833 822 808 790 767 740 709 674 638 604 576 557
 550 557 576 604 638 674 709 740 767 790 808 822 833 842 849 854 858 861
 861 861 858 854 849 842 833 822 808 790 767 740 709 674 638 604 576 557
 583 591 613 646 685 725 763 795 822 844 860 873 884 893 902 910 916 921
 922 921 916 910 902 893 884 873 860 844 822 795 763 725 685 646 613 591
 583 591 613 646 685 725 763 795 822 844 860 873 884 893 902 910 916 921
 922 921 916 910 902 893 884 873 860 844 822 795 763 725 685 646 613 591
 629 638 664 702 746 789 828 861 887 906 922 935 948 962 977 99210051014
101710141005 992 977 962 948 935 922 906 887 861 828 789 746 702 664 638
 629 638 664 702 746 789 828 861 887 906 922 935 948 962 977 99210051014
101710141005 992 977 962 948 935 922 906 887 861 828 789 746 702 664 638
 687 698 727 770 817 862 902 934 959 978 9931009102810521080110811331150
11561150113311081080105210281009 993 978 959 934 902 862 817 770 727 698
 687 698 727 770 817 862 902 934 959 978 9931009102810521080110811331150
11561150113311081080105210281009 993 978 959 934 902 862 817 770 727 698
 750 762 794 840 890 938 97810091032105110681091112111621208125412931318
132713181293125412081162112110911068105110321009 978 938 890 840 794 762
 750 762 794 840 890 938 97810091032105110681091112111621208125412931318
132713181293125412081162112110911068105110321009 978 938 890 840 794 762
 805 818 853 902 9551004104410741096111511371170121712781345140914601493
15041493146014091345127812171170113711151096107410441004 955 902 853 818
 805 818 853 902 9551004104410741096111511371170121712781345140914601493
15041493146014091345127812171170113711151096107410441004 955 902 853 818
 842 855 893 94510001049108911181140116111891234130013821468154516021636
164716361602154514681382130012341189116111401118108910491000 945 893 855
 842 855 893 94510001049108911181140116111891234130013821468154516021636
164716361602154514681382130012341189116111401118108910491000 945 893 855
 855 870 909 96310191069110811371159118212181276135914591558163916941723
173217231694163915581459135912761218118211591137110810691019 963 909 870
 855 870 909 96310191069110811371159118212181276135914591558163916941723
173217231694163915581459135912761218118211591137110810691019 963 909 870
 850 865 906 96110191068110711351157118312261295139315051610168917351755
175917551735168916101505139312951226118311571135110710681019 961 906 865
 850 865 906 96110191068110711351157118312261295139315051610168917351755
175917551735168916101505139312951226118311571135110710681019 961 906 865
 838 854 895 95210091059109811261148117612231300140715261632170617431754
175517541743170616321526140713001223117611481126109810591009 952 895 854
 838 854 895 95210091059109811261148117612231300140715261632170617431754
175517541743170616321526140713001223117611481126109810591009 952 895 854
 832 848 890 94710051055109311211143117212211301141015311638170917421749
174917491742170916381531141013011221117211431121109310551005 947 890 848
 832 848 890 94710051055109311211143117212211301141015311638170917421749
174917491742170916381531141013011221117211431121109310551005 947 890 848
Hematite (c,Z) and (a,x) fibres trigonal
104  D3He  5.00 5.0090.00    1    0  (18f4.0)
 1000 1.00   10    0   0. MATHEMATICAL POLE FIGURE        (C1)
289028902890289028902890289028902890289028902890289028902890289028902890
289028902890289028902890289028902890289028902890289028902890289028902890
289028902890289028902890289028902890289028902890289028902890289028902890
289028902890289028902890289028902890289028902890289028902890289028902890
287728772877287628742873287128692866286428622860285728562854285328522851
285128512852285328542856285728602862286428662869287128732874287628772877
287728772877287628742873287128692866286428622860285728562854285328522851
285128512852285328542856285728602862286428662869287128732874287628772877
283428332830282728212815280727992790278027712762275427462739273427302727
272627272730273427392746275427622771278027902799280728152821282728302833
283428332830282728212815280727992790278027712762275427462739273427302727
272627272730273427392746275427622771278027902799280728152821282728302833
274627442739273027192704268726682648262726062585256625482533252125122506
250425062512252125332548256625852606262726482668268727042719273027392744
274627442739273027192704268726682648262726062585256625482533252125122506
250425062512252125332548256625852606262726482668268727042719273027392744
260826052596258025602534250424702435239723602324229022602234221221972187
218421872197221222342260229023242360239724352470250425342560258025962605
260826052596258025602534250424702435239723602324229022602234221221972187
218421872197221222342260229023242360239724352470250425342560258025962605
242824232409238623542314226822162161210420481994194418991861183118091796
179117961809183118611899194419942048210421612216226823142354238624092423
242824232409238623542314226822162161210420481994194418991861183118091796
179117961809183118611899194419942048210421612216226823142354238624092423
222922222202217021252069200319311854177617001628156315061458142113941378
137313781394142114581506156316281700177618541931200320692125217022022222
222922222202217021252069200319311854177617001628156315061458142113941378
137313781394142114581506156316281700177618541931200320692125217022022222
20392030200419611902182817411647154814501356126911931128107510341006 989
 983 9891006103410751128119312691356145015481647174118281902196120042030
20392030200419611902182817411647154814501356126911931128107510341006 989
 983 9891006103410751128119312691356145015481647174118281902196120042030
18821871183817841709161515081391127211551048 952 870 803 750 711 684 668
 663 668 684 711 750 803 870 9521048115512721391150816151709178418381871
18821871183817841709161515081391127211551048 952 870 803 750 711 684 668
 663 668 684 711 750 803 870 9521048115512721391150816151709178418381871
176717541714164815571444131511781041 911 795 697 616 552 505 470 447 434
 430 434 447 470 505 552 616 697 795 91110411178131514441557164817141754
176717541714164815571444131511781041 911 795 697 616 552 505 470 447 434
 430 434 447 470 505 552 616 697 795 91110411178131514441557164817141754
16921677163015521445131311641009 858 721 603 507 432 376 336 309 291 281
 278 281 291 309 336 376 432 507 603 721 8581009116413131445155216301677
16921677163015521445131311641009 858 721 603 507 432 376 336 309 291 281
 278 281 291 309 336 376 432 507 603 721 8581009116413131445155216301677
1649163115781488136512151049 879 719 578 463 374 308 262 230 210 197 191
 188 191 197 210 230 262 308 374 463 578 719 879104912151365148815781631
1649163115781488136512151049 879 719 578 463 374 308 262 230 210 197 191
 188 191 197 210 230 262 308 374 463 578 719 879104912151365148815781631
162616061546144613081142 960 780 614 475 366 285 230 193 169 155 146 142
 141 142 146 155 169 193 230 285 366 475 614 780 96011421308144615461606
162616061546144613081142 960 780 614 475 366 285 230 193 169 155 146 142
 141 142 146 155 169 193 230 285 366 475 614 780 96011421308144615461606
161515931527141712671087 893 704 536 400 299 228 182 153 136 126 121 118
 117 118 121 126 136 153 182 228 299 400 536 704 89310871267141715271593
161515931527141712671087 893 704 536 400 299 228 182 153 136 126 121 118
 117 118 121 126 136 153 182 228 299 400 536 704 89310871267141715271593
161015871516139712361044 840 646 479 348 254 192 154 131 119 112 109 107
 107 107 109 112 119 131 154 192 254 348 479 646 84010441236139715161587
161015871516139712361044 840 646 479 348 254 192 154 131 119 112 109 107
 107 107 109 112 119 131 154 192 254 348 479 646 84010441236139715161587
160815841509138312131012 801 604 438 311 224 169 137 119 110 106 104 103
 102 103 104 106 110 119 137 169 224 311 438 604 80110121213138315091584
160815841509138312131012 801 604 438 311 224 169 137 119 110 106 104 103
 102 103 104 106 110 119 137 169 224 311 438 604 80110121213138315091584
16081582150413731197 989 773 574 410 288 206 156 128 113 106 103 101 101
 101 101 101 103 106 113 128 156 206 288 410 574 773 9891197137315041582
16081582150413731197 989 773 574 410 288 206 156 128 113 106 103 101 101
 101 101 101 103 106 113 128 156 206 288 410 574 773 9891197137315041582
16071581150113681187 975 757 557 394 275 196 149 123 110 104 102 101 100
 100 100 101 102 104 110 123 149 196 275 394 557 757 9751187136815011581
16071581150113681187 975 757 557 394 275 196 149 123 110 104 102 101 100
 100 100 101 102 104 110 123 149 196 275 394 557 757 9751187136815011581
16071581150013661184 971 752 551 389 270 193 147 122 110 104 101 100 100
 100 100 100 101 104 110 122 147 193 270 389 551 752 9711184136615001581
16071581150013661184 971 752 551 389 270 193 147 122 110 104 101 100 100
 100 100 100 101 104 110 122 147 193 270 389 551 752 9711184136615001581
Hematite (c,Z) and (a,x) fibres trigonal
100  D3He  5.00 5.0090.00    1    0  (18f4.0)
 1000  .40   10    0   0. MATHEMATICAL POLE FIGURE        (C1)
 769 769 769 769 769 769 769 769 769 769 769 769 769 769 769 769 769 769
 769 769 769 769 769 769 769 769 769 769 769 769 769 769 769 769 769 769
 769 769 769 769 769 769 769 769 769 769 769 769 769 769 769 769 769 769
 769 769 769 769 769 769 769 769 769 769 769 769 769 769 769 769 769 769
 769 769 768 767 766 764 762 760 758 755 753 751 749 747 745 744 743 743
 742 743 743 744 745 747 749 751 753 755 758 760 762 764 766 767 768 769
 769 769 768 767 766 764 762 760 758 755 753 751 749 747 745 744 743 743
 742 743 743 744 745 747 749 751 753 755 758 760 762 764 766 767 768 769
 769 768 766 762 757 750 743 735 727 718 710 702 695 688 683 679 675 673
 673 673 675 679 683 688 695 702 710 718 727 735 743 750 757 762 766 768
 769 768 766 762 757 750 743 735 727 718 710 702 695 688 683 679 675 673
 673 673 675 679 683 688 695 702 710 718 727 735 743 750 757 762 766 768
 769 768 762 754 742 729 713 697 680 664 648 634 621 610 601 593 588 585
 584 585 588 593 601 610 621 634 648 664 680 697 713 729 742 754 762 768
 769 768 762 754 742 729 713 697 680 664 648 634 621 610 601 593 588 585
 584 585 588 593 601 610 621 634 648 664 680 697 713 729 742 754 762 768
 771 767 758 744 724 702 677 652 627 603 582 563 547 534 524 517 512 509
 508 509 512 517 524 534 547 563 582 603 627 652 677 702 724 744 758 767
 771 767 758 744 724 702 677 652 627 603 582 563 547 534 524 517 512 509
 508 509 512 517 524 534 547 563 582 603 627 652 677 702 724 744 758 767
 773 769 755 733 705 672 639 605 575 548 525 508 495 487 482 479 478 477
 477 477 478 479 482 487 495 508 525 548 575 605 639 672 705 733 755 769
 773 769 755 733 705 672 639 605 575 548 525 508 495 487 482 479 478 477
 477 477 478 479 482 487 495 508 525 548 575 605 639 672 705 733 755 769
 779 772 753 723 686 644 603 565 533 509 492 484 483 487 493 501 508 513
 515 513 508 501 493 487 483 484 492 509 533 565 603 644 686 723 753 772
 779 772 753 723 686 644 603 565 533 509 492 484 483 487 493 501 508 513
 515 513 508 501 493 487 483 484 492 509 533 565 603 644 686 723 753 772
 790 782 756 718 672 622 576 538 511 496 495 505 523 547 573 596 615 628
 632 628 615 596 573 547 523 505 495 496 511 538 576 622 672 718 756 782
 790 782 756 718 672 622 576 538 511 496 495 505 523 547 573 596 615 628
 632 628 615 596 573 547 523 505 495 496 511 538 576 622 672 718 756 782
 811 800 768 722 667 612 564 531 515 519 540 575 621 670 719 761 794 814
 821 814 794 761 719 670 621 575 540 519 515 531 564 612 667 722 768 800
 811 800 768 722 667 612 564 531 515 519 540 576 621 670 719 761 794 814
 821 814 794 761 719 670 621 575 540 519 515 531 564 612 667 722 768 800
 843 830 792 738 676 617 572 549 551 579 629 696 772 848 919 97710211048
105710481021 977 919 848 772 696 629 579 551 549 572 617 676 738 792 830
 843 830 792 738 676 617 572 549 551 579 629 696 772 848 919 97710211048
105710481021 977 919 848 772 696 629 579 551 549 572 617 676 738 792 830
 889 874 830 768 700 641 603 594 618 675 758 857 96210611146121412611289
129812891261121411461061 962 857 758 675 618 594 603 641 700 768 830 874
 889 874 830 768 700 641 603 594 618 675 758 857 96210611146121412611289
129812891261121411461061 962 857 758 675 618 594 603 641 700 768 830 874
 947 930 881 812 740 682 653 662 712 800 9151044116912801368143014691490
14971490146914301368128011691044 915 800 712 662 653 682 740 812 881 930
 947 930 881 812 740 682 653 662 712 800 9151044116912801368143014691490
14971490146914301368128011691044 915 800 712 662 653 682 740 812 881 930
1010 990 936 861 787 732 714 743 820 93810821232136714751548158916071612
161316121607158915481475136712321082 938 820 743 714 732 787 861 936 990
1010 990 936 861 787 732 714 743 820 93810821232136714751548158916071612
161316121607158915481475136712321082 938 820 743 714 732 787 861 936 990
10651043 985 905 829 778 773 822 925107012361397153016191661166716521634
1627163416521667166116191530139712361070 925 822 773 778 829 905 9851043
10651043 985 905 829 778 773 822 925107012361397153016191661166716521634
1627163416521667166116191530139712361070 925 822 773 778 829 905 9851043
110210781016 933 856 810 816 8841010117713591522164016981699166016061562
15461562160616601699169816401522135911771010 884 816 810 856 93310161078
110210781016 933 856 810 816 8841010117713591522164016981699166016061562
15461562160616601699169816401522135911771010 884 816 810 856 93310161078
111510911025 939 862 821 837 9211066125014391598169417171674158914971428
14021428149715891674171716941598143912501066 921 837 821 862 93910251091
111510911025 939 862 821 837 9211066125014391598169417171674158914971428
14021428149715891674171716941598143912501066 921 837 821 862 93910251091
111010841016 929 851 814 839 9351093128814821632170716971615149213691279
12471279136914921615169717071632148212881093 935 839 814 851 92910161084
111010841016 929 851 814 839 9351093128814821632170716971615149213691279
12471279136914921615169717071632148212881093 935 839 814 851 92910161084
109810721003 914 837 802 832 9351102130314981641170116671559141112671165
11281165126714111559166717011641149813031102 935 832 802 837 91410031072
109810721003 914 837 802 832 9351102130314981641170116671559141112671165
11281165126714111559166717011641149813031102 935 832 802 837 91410031072
10921066 996 907 830 796 828 9341103130715011642169616541536138012291123
10841123122913801536165416961642150113071103 934 828 796 830 907 9961066
10921066 996 907 830 796 828 9341103130715011642169616541536138012291123
10841123122913801536165416961642150113071103 934 828 796 830 907 9961066
Hematite (c,Z) and (a,x) fibres trigonal
210  D3He  5.00 5.0090.00    1    0  (18f4.0)
 1000  .40   10    0   0. MATHEMATICAL POLE FIGURE        (C1)
 500 500 500 500 500 500 500 500 500 500 500 500 500 500 500 500 500 500
 500 500 500 500 500 500 500 500 500 500 500 500 500 500 500 500 500 500
 500 500 500 500 500 500 500 500 500 500 500 500 500 500 500 500 500 500
 500 500 500 500 500 500 500 500 500 500 500 500 500 500 500 500 500 500
 500 500 501 501 502 503 505 506 507 509 510 512 513 514 515 516 517 517
 517 517 517 516 515 514 513 512 510 509 507 506 505 503 502 501 501 500
 500 500 501 501 502 503 505 506 507 509 510 512 513 514 515 516 517 517
 517 517 517 516 515 514 513 512 510 509 507 506 505 503 502 501 501 500
 500 501 503 505 508 513 517 522 528 533 539 544 548 553 556 559 561 562
 563 562 561 559 556 553 548 544 539 533 528 522 517 513 508 505 503 501
 500 501 503 505 508 513 517 522 528 533 539 544 548 553 556 559 561 562
 563 562 561 559 556 553 548 544 539 533 528 522 517 513 508 505 503 501
 501 502 506 511 518 527 537 548 559 570 580 590 599 606 613 618 622 624
 625 624 622 618 613 606 599 590 580 570 559 548 537 527 518 511 506 502
 501 502 506 511 518 527 537 548 559 570 580 590 599 606 613 618 622 624
 625 624 622 618 613 606 599 590 580 570 559 548 537 527 518 511 506 502
 502 504 510 520 532 547 563 580 597 613 628 642 654 665 673 680 685 688
 689 688 685 680 673 665 654 642 628 613 597 580 563 547 532 520 510 504
 502 504 510 520 532 547 563 580 597 613 628 642 654 665 673 680 685 688
 689 688 685 680 673 665 654 642 628 613 597 580 563 547 532 520 510 504
 505 508 517 531 549 571 593 616 638 659 678 694 708 720 729 736 741 744
 744 744 741 736 729 720 708 694 678 659 638 616 593 571 549 531 517 508
 505 508 517 531 549 571 593 616 638 659 678 694 708 720 729 736 741 744
 744 744 741 736 729 720 708 694 678 659 638 616 593 571 549 531 517 508
 511 515 527 547 571 599 628 656 682 705 726 742 756 767 775 782 786 788
 789 788 786 782 775 767 756 742 726 705 682 656 628 599 571 547 527 515
 511 515 527 547 571 599 628 656 682 705 726 742 756 767 775 782 786 788
 789 788 786 782 775 767 756 742 726 705 682 656 628 599 571 547 527 515
 522 528 544 569 600 633 667 699 727 751 771 787 799 808 815 819 823 824
 825 824 823 819 815 808 799 787 771 751 727 699 667 633 600 569 544 528
 522 528 544 569 600 633 667 699 727 751 771 787 799 808 815 819 823 824
 825 824 823 819 815 808 799 787 771 751 727 699 667 633 600 569 544 528
 542 549 569 600 637 676 713 747 776 799 817 830 840 847 853 857 860 862
 862 862 860 857 853 847 840 830 817 799 776 747 713 676 637 600 569 549
 542 549 569 600 637 676 713 747 776 799 817 830 840 847 853 857 860 862
 862 862 860 857 853 847 840 830 817 799 776 747 713 676 637 600 569 549
 574 583 607 643 685 729 769 804 832 853 868 879 887 894 901 907 912 916
 917 916 912 907 901 894 887 879 868 853 832 804 769 729 685 643 607 583
 574 583 607 643 685 729 769 804 832 853 868 879 887 894 901 907 912 916
 917 916 912 907 901 894 887 879 868 853 832 804 769 729 685 643 607 583
 621 631 659 700 747 794 836 870 896 914 927 937 947 958 971 984 9971005
10081005 997 984 971 958 947 937 927 914 896 870 836 794 747 700 659 631
 621 631 659 700 747 794 836 870 896 914 927 937 947 958 971 984 9971005
10081005 997 984 971 958 947 937 927 914 896 870 836 794 747 700 659 631
 679 690 722 768 819 868 911 944 967 983 9951007102310441070109811221139
11451139112210981070104410231007 995 983 967 944 911 868 819 768 722 690
 679 690 722 768 819 868 911 944 967 983 9951007102310441070109811221139
11451139112210981070104410231007 995 983 967 944 911 868 819 768 722 690
 741 754 789 839 894 945 98710181040105410671085111311511197124312831309
131813091283124311971151111310851067105410401018 987 945 894 839 789 754
 741 754 789 839 894 945 98710181040105410671085111311511197124312831309
131813091283124311971151111310851067105410401018 987 945 894 839 789 754
 797 810 849 902 9591011105310821102111611341162120712671335140114541488
14991488145414011335126712071162113411161102108210531011 959 902 849 810
 797 810 849 902 9591011105310821102111611341162120712671335140114541488
14991488145414011335126712071162113411161102108210531011 959 902 849 810
 833 848 889 94510051057109811261144116011831225128913721460154116011638
165016381601154114601372128912251183116011441126109810571005 945 889 848
 833 848 889 94510051057109811261144116011831225128913721460154116011638
165016381601154114601372128912251183116011441126109810571005 945 889 848
 847 862 905 96410251078111811441161117912101266134914511554164117001732
174217321700164115541451134912661210117911611144111810781025 964 905 862
 847 862 905 96410251078111811441161117912101266134914511554164117001732
174217321700164115541451134912661210117911611144111810781025 964 905 862
 841 858 902 96210241077111611421159117912171285138314991610169517471770
177617701747169516101499138312851217117911591142111610771024 962 902 858
 841 858 902 96210241077111611421159117912171285138314991610169517471770
177617701747169516101499138312851217117911591142111610771024 962 902 858
 830 846 892 95310151068110711321149117112141289139715211634171517591774
177717741759171516341521139712891214117111491132110710681015 953 892 846
 830 846 892 95310151068110711321149117112141289139715211634171517591774
177717741759171516341521139712891214117111491132110710681015 953 892 846
 824 841 886 94810101064110211271144116712111290140115271640172017591771
177217711759172016401527140112901211116711441127110210641010 948 886 841
 824 841 886 94810101064110211271144116712111290140115271640172017591771
177217711759172016401527140112901211116711441127110210641010 948 886 841
Hematite (c,Z) and (a,x) fibres trigonal
116  D3He  5.00 5.0090.00    1    0  (18f4.0)
 1000  .40   10    0   0. MATHEMATICAL POLE FIGURE        (C1)
126512651265126512651265126512651265126512651265126512651265126512651265
126512651265126512651265126512651265126512651265126512651265126512651265
126512651265126512651265126512651265126512651265126512651265126512651265
126512651265126512651265126512651265126512651265126512651265126512651265
128312831284128412851286128712881289129012911292129312941295129612961297
129712971296129612951294129312921291129012891288128712861285128412841283
128312831284128412851286128712881289129012911292129312941295129612961297
129712971296129612951294129312921291129012891288128712861285128412841283
133613361337133913421345134913531357136113651369137213751378138013811382
138213821381138013781375137213691365136113571353134913451342133913371336
133613361337133913421345134913531357136113651369137213751378138013811382
138213821381138013781375137213691365136113571353134913451342133913371336
141114121415141914251432143914471455146214691475148014851488149114931494
149414941493149114881485148014751469146214551447143914321425141914151412
141114121415141914251432143914471455146214691475148014851488149114931494
149414941493149114881485148014751469146214551447143914321425141914151412
149314941499150615161527153815491560156915771583158715901592159315941594
159415941594159315921590158715831577156915601549153815271516150614991494
149314941499150615161527153815491560156915771583158715901592159315941594
159415941594159315921590158715831577156915601549153815271516150614991494
155715591566157715911606162016341644165216571658165716541650164616431640
163916401643164616501654165716581657165216441634162016061591157715661559
155715591566157715911606162016341644165216571658165716541650164616431640
163916401643164616501654165716581657165216441634162016061591157715661559
158315861596161116281647166316751683168416801672166016461632161916081602
160016021608161916321646166016721680168416831675166316471628161115961586
158315861596161116281647166316751683168416801672166016461632161916081602
160016021608161916321646166016721680168416831675166316471628161115961586
156015641577159516161636165216601660165016321608158015511523149914801469
146514691480149915231551158016081632165016601660165216361616159515771564
156015641577159516161636165216601660165016321608158015511523149914801469
146514691480149915231551158016081632165016601660165216361616159515771564
149014961511153415571578159015901577155215161472142513781336130012731256
125112561273130013361378142514721516155215771590159015781557153415111496
149014961511153415571578159015901577155215161472142513781336130012731256
125112561273130013361378142514721516155215771590159015781557153415111496
139113981416144214681486149214811453140813501286121911561101105510221002
 99510021022105511011156121912861350140814531481149214861468144214161398
139113981416144214681486149214811453140813501286121911561101105510221002
 99510021022105511011156121912861350140814531481149214861468144214161398
128512931314134313691385138213571310124411651080 997 921 856 805 769 747
 740 747 769 805 856 921 99710801165124413101357138213851369134313141293
128512931314134313691385138213571310124411651080 997 921 856 805 769 747
 740 747 769 805 856 921 99710801165124413101357138213851369134313141293
1191120012241254128112921279123911721085 986 884 788 705 636 584 548 527
 521 527 548 584 636 705 788 884 986108511721239127912921281125412241200
1191120012241254128112921279123911721085 986 884 788 705 636 584 548 527
 521 527 548 584 636 705 788 884 986108511721239127912921281125412241200
111911291155118812131219119511391053 947 831 716 614 528 460 412 379 361
 355 361 379 412 460 528 614 716 831 94710531139119512191213118811551129
111911291155118812131219119511391053 947 831 716 614 528 460 412 379 361
 355 361 379 412 460 528 614 716 831 94710531139119512191213118811551129
10701081111011441168116811331062 959 836 706 585 479 396 333 290 263 247
 243 247 263 290 333 396 479 585 706 836 9591062113311681168114411101081
10701081111011441168116811331062 959 836 706 585 479 396 333 290 263 247
 243 247 263 290 333 396 479 585 706 836 9591062113311681168114411101081
10421054108411191141113510901005 887 751 613 488 384 305 249 212 190 178
 175 178 190 212 249 305 384 488 613 751 8871005109011351141111910841054
10421054108411191141113510901005 887 751 613 488 384 305 249 212 190 178
 175 178 190 212 249 305 384 488 613 751 8871005109011351141111910841054
1026103910711106112711161062 966 836 691 547 420 319 246 197 166 148 140
 137 140 148 166 197 246 319 420 547 691 836 966106211161127110610711039
1026103910711106112711161062 966 836 691 547 420 319 246 197 166 148 140
 137 140 148 166 197 246 319 420 547 691 836 966106211161127110610711039
1019103210651101112011051045 940 802 650 503 377 280 211 167 141 127 120
 118 120 127 141 167 211 280 377 503 650 802 940104511051120110110651032
1019103210651101112011051045 940 802 650 503 377 280 211 167 141 127 120
 118 120 127 141 167 211 280 377 503 650 802 940104511051120110110651032
1016102910621099111710991035 925 782 626 478 353 258 193 152 129 117 111
 109 111 117 129 152 193 258 353 478 626 782 925103510991117109910621029
1016102910621099111710991035 925 782 626 478 353 258 193 152 129 117 111
 109 111 117 129 152 193 258 353 478 626 782 925103510991117109910621029
1015102810621098111710981032 920 776 619 470 345 251 187 148 125 114 109
 107 109 114 125 148 187 251 345 470 619 776 920103210981117109810621028
1015102810621098111710981032 920 776 619 470 345 251 187 148 125 114 109
 107 109 114 125 148 187 251 345 470 619 776 920103210981117109810621028
Hematite (c,Z) and (a,x) fibres trigonal
113  D3He  5.00 5.0090.00    1    0  (18f4.0)
 1000 1.00   10    0   0. MATHEMATICAL POLE FIGURE        (C1)
488648864886488648864886488648864886488648864886488648864886488648864886
488648864886488648864886488648864886488648864886488648864886488648864886
488648864886488648864886488648864886488648864886488648864886488648864886
488648864886488648864886488648864886488648864886488648864886488648864886
475047494747474347384732472547174708469946914682467446674661465646534651
465046514653465646614667467446824691469947084717472547324738474347474749
475047494747474347384732472547174708469946914682467446674661465646534651
465046514653465646614667467446824691469947084717472547324738474347474749
438343804371435643364312428442534221418941574126409840724051403440214013
401140134021403440514072409841264157418942214253428443124336435643714380
438343804371435643364312428442534221418941574126409840724051403440214013
401140134021403440514072409841264157418942214253428443124336435643714380
388638793859382737833730367136083542347734143355330132543215318331613147
314331473161318332153254330133553414347735423608367137303783382738593879
388638793859382737833730367136083542347734143355330132543215318331613147
314331473161318332153254330133553414347735423608367137303783382738593879
337533633328327231983110301329112809271026172532245723932340229922692252
224622522269229923402393245725322617271028092911301331103198327233283363
337533633328327231983110301329112809271026172532245723932340229922692252
224622522269229923402393245725322617271028092911301331103198327233283363
293929212867278326742547241022712135200818921791170416321574153015001481
147514811500153015741632170417911892200821352271241025472674278328672921
293929212867278326742547241022712135200818921791170416321574153015001481
147514811500153015741632170417911892200821352271241025472674278328672921
26182592251824022255208919151743158214371310120411161046 992 952 925 909
 904 909 925 952 9921046111612041310143715821743191520892255240225182592
26182592251824022255208919151743158214371310120411161046 992 952 925 909
 904 909 925 952 9921046111612041310143715821743191520892255240225182592
2409237622792131194517411535133911631011 885 784 704 644 599 567 546 534
 530 534 546 567 599 644 704 784 885101111631339153517411945213122792376
2409237622792131194517411535133911631011 885 784 704 644 599 567 546 534
 530 534 546 567 599 644 704 784 885101111631339153517411945213122792376
22892247212719451723148512531042 861 713 596 507 441 394 360 337 322 314
 311 314 322 337 360 394 441 507 596 713 8611042125314851723194521272247
22892247212719451723148512531042 861 713 596 507 441 394 360 337 322 314
 311 314 322 337 360 394 441 507 596 713 8611042125314851723194521272247
2227217620321817156112961046 828 650 513 410 337 286 251 227 212 202 197
 196 197 202 212 227 251 286 337 410 513 650 828104612961561181720322176
2227217620321817156112961046 828 650 513 410 337 286 251 227 212 202 197
 196 197 202 212 227 251 286 337 410 513 650 828104612961561181720322176
219721381970172414381151 890 673 504 381 295 236 199 174 159 150 144 141
 140 141 144 150 159 174 199 236 295 381 504 673 89011511438172419702138
219721381970172414381151 890 673 504 381 295 236 199 174 159 150 144 141
 140 141 144 150 159 174 199 236 295 381 504 673 89011511438172419702138
218421161927165213411036 770 559 402 295 224 179 152 136 126 121 118 116
 116 116 118 121 126 136 152 179 224 295 402 559 77010361341165219272116
218421161927165213411036 770 559 402 295 224 179 152 136 126 121 118 116
 116 116 118 121 126 136 152 179 224 295 402 559 77010361341165219272116
21792103189315941260 944 677 474 331 238 181 147 128 117 111 108 107 106
 106 106 107 108 111 117 128 147 181 238 331 474 677 9441260159418932103
21792103189315941260 944 677 474 331 238 181 147 128 117 111 108 107 106
 106 106 107 108 111 117 128 147 181 238 331 474 677 9441260159418932103
21772094186615451194 870 606 412 282 201 154 129 115 108 105 103 102 102
 102 102 102 103 105 108 115 129 154 201 282 412 606 8701194154518662094
21772094186615451194 870 606 412 282 201 154 129 115 108 105 103 102 102
 102 102 102 103 105 108 115 129 154 201 282 412 606 8701194154518662094
21762088184415051141 812 551 366 247 177 139 119 109 104 102 101 101 100
 100 100 101 101 102 104 109 119 139 177 247 366 551 8121141150518442088
21762088184415051141 812 551 366 247 177 139 119 109 104 102 101 101 100
 100 100 101 101 102 104 109 119 139 177 247 366 551 8121141150518442088
21762082182714731099 768 511 334 224 162 129 113 105 102 101 100 100 100
 100 100 100 100 101 102 105 113 129 162 224 334 511 7681099147318272082
21762082182714731099 768 511 334 224 162 129 113 105 102 101 100 100 100
 100 100 100 100 101 102 105 113 129 162 224 334 511 7681099147318272082
21762079181414511070 737 483 313 209 152 123 110 104 101 100 100 100 100
 100 100 100 100 100 101 104 110 123 152 209 313 483 7371070145118142079
21762079181414511070 737 483 313 209 152 123 110 104 101 100 100 100 100
 100 100 100 100 100 101 104 110 123 152 209 313 483 7371070145118142079
21762077180614371052 719 467 300 201 147 120 108 103 101 100 100 100 100
 100 100 100 100 100 101 103 108 120 147 201 300 467 7191052143718062077
21762077180614371052 719 467 300 201 147 120 108 103 101 100 100 100 100
 100 100 100 100 100 101 103 108 120 147 201 300 467 7191052143718062077
21762076180414321047 713 462 296 198 145 119 108 103 101 100 100 100 100
 100 100 100 100 100 101 103 108 119 145 198 296 462 7131047143218042076
21762076180414321047 713 462 296 198 145 119 108 103 101 100 100 100 100
 100 100 100 100 100 101 103 108 119 145 198 296 462 7131047143218042076
