ST08-1 -> 003 hem  FZ-Juelich                                          
003 hxxxx  5.00 5.0090.00    1    0  (12f6.0)  
 1000 .500 -112    0   0.   experimental data   
 10432 10432 10432 10432 10432 10432 10432 10432 10432 10432 10432 10432
 10432 10432 10432 10432 10432 10432 10432 10432 10432 10432 10432 10432
 10432 10432 10432 10432 10432 10432 10432 10432 10432 10432 10432 10432
 10432 10432 10432 10432 10432 10432 10432 10432 10432 10432 10432 10432
 10432 10432 10432 10432 10432 10432 10432 10432 10432 10432 10432 10432
 10432 10432 10432 10432 10432 10432 10432 10432 10432 10432 10432 10432
  7103  6970  6845  6805  6846  6835  6911  7047  7072  7192  7339  7395
  7566  7832  8061  8339  8599  8790  9014  9237  9434  9657  9679  9726
  9966 10085 10188 10386 10709 10932 10971 11018 11036 11068 11121 11194
 11231 11164 11095 11045 11040 10937 10891 10944 10917 10778 10644 10678
 10617 10400 10376 10429 10237 10074  9898  9642  9415  9203  8958  8720
  8519  8296  8114  7972  7824  7743  7645  7484  7340  7237  7179  7143
  3329  3205  3000  2966  3102  2964  3036  3285  3258  3482  3757  3841
  4166  4771  5182  5531  6036  6380  6815  7323  7742  8093  8015  8207
  8682  8734  8808  9091  9392  9370  9210  9371  9436  9380  9431  9404
  9313  9214  9096  9066  9126  8892  8671  8716  8856  8857  8717  8750
  8705  8464  8575  8825  8536  8302  8078  7687  7172  6749  6432  5989
  5621  5313  5066  4987  4727  4333  4172  4078  3866  3644  3583  3447
  1191  1271  1223  1233  1383  1272  1288  1420  1453  1671  1897  2133
  2532  3137  3511  3680  4105  4572  5171  5833  6346  6596  6718  7251
  7623  7543  7516  7493  7460  6970  6578  6720  6707  6657  6586  6339
  6110  6136  6169  6221  6328  6245  5962  5768  6144  6529  6475  6472
  6521  6549  6701  6831  6651  6450  6287  5960  5325  4891  4775  4273
  3700  3456  3235  3138  2822  2232  2095  2051  1812  1664  1609  1355
   309   311   347   278   278   484   601   552   727   884  1008  1363
  1744  1929  2189  2586  2757  3292  3928  4339  4748  4944  5413  5781
  5752  5733  5558  5083  5242  5190  4909  4676  4201  4237  4020  3845
  3804  3826  3933  3863  3871  4081  4208  4068  4334  4615  4656  4979
  5156  5259  5242  5123  5134  4971  4765  4445  4054  3822  3749  3318
  2612  2290  2004  1464  1133  1173  1166   776   455   546   472   350
   119   123   105    60    63   189   302   287   349   505   700   928
  1168  1181  1401  1932  2162  2568  2940  3027  3544  3879  4219  4235
  4202  4234  3898  3538  3427  3480  3412  3449  3087  2894  2878  2859
  2866  2847  2822  2696  2684  2711  2912  3053  3006  3076  3468  3722
  3750  3798  3641  3661  3777  3634  3341  3143  2910  2623  2472  2181
  1850  1577  1269   773   482   558   459   383   288   188   149   128


   164   171   167   176   194   209   225   233   330   417   420   559
   763   868  1153  1487  1690  2059  2343  2408  2818  2897  2965  3020
  2994  2941  2604  2568  2611  2642  2572  2648  2583  2539  2707  2753
  2710  2671  2698  2609  2544  2563  2555  2458  2432  2449  2479  2618
  2629  2548  2607  2781  2885  2848  2560  2356  2212  1948  1817  1514
  1298  1155   754   581   556   449   348   304   263   244   242   200
   113   126   132   178   203   212   212   200   227   277   316   385
   501   606   787   904  1166  1514  1621  1767  1940  1935  1936  1917
  1948  2058  2016  2025  2056  2084  2182  2248  2300  2355  2433  2524
  2558  2499  2438  2371  2278  2235  2169  2062  1991  1943  1921  1917
  1885  1893  1934  1946  2031  2051  1899  1749  1565  1381  1222   996
   812   712   566   477   428   351   296   247   207   168   132   111
    98   124   133   153   191   217   201   187   211   231   245   290
   365   498   645   745   858  1002  1147  1313  1371  1353  1438  1456
  1495  1563  1560  1633  1717  1768  1897  2008  2088  2133  2172  2247
  2270  2271  2241  2156  2045  1961  1889  1810  1755  1678  1549  1476
  1490  1511  1457  1457  1532  1459  1353  1293  1129   984   868   712
   559   443   402   364   309   273   252   203   159   127   100    92
   126   131   125   116   164   195   167   161   199   212   220   252
   319   418   517   636   712   788   897   966  1015  1089  1144  1166
  1212  1220  1247  1339  1412  1502  1634  1755  1783  1817  1896  1918
  1935  1958  1930  1880  1765  1638  1568  1553  1565  1435  1300  1273
  1201  1133  1100  1118  1162  1121  1055   976   866   777   670   550
   460   369   316   299   275   251   215   179   156   141   125   121
   132   147   152   134   107   107   131   161   177   179   193   249
   316   375   441   530   634   697   714   765   844   892   872   935
  1040  1024  1043  1125  1206  1319  1443  1493  1488  1518  1551  1567
  1589  1611  1605  1509  1378  1332  1325  1290  1268  1217  1174  1134
  1027   938   917   922   919   914   836   762   764   714   584   477
   438   394   313   277   282   265   238   209   177   174   167   132
   140   158   144   112    95   120   160   175   180   189   191   215
   256   308   378   437   513   566   582   654   726   766   804   832
   831   803   839   926   973  1069  1173  1164  1151  1173  1176  1173
  1171  1186  1176  1139  1119  1059   994   956   971   976   938   882
   830   830   802   745   722   719   668   657   681   649   557   476
   438   356   277   253   241   210   179   162   160   155   142   131
   128   127   128   134   132   151   167   175   176   187   188   212
   265   288   336   378   397   443   508   579   636   721   792   767
   704   679   696   724   738   787   845   816   809   855   828   790
   786   763   748   760   789   770   714   700   679   681   745   733
   682   687   666   628   618   603   582   595   589   558   516   447
   418   364   272   226   182   140   119   112   127   139   108    96
   108   118   132   139   152   158   161   185   182   177   202   221
   251   279   318   343   354   420   503   543   587   655   690   665
   622   605   596   577   587   590   562   522   519   519   496   506
   494   451   442   463   491   525   536   506   452   444   514   542
   558   593   611   583   564   580   544   505   486   481   481   438
   397   348   269   215   162   122   104    84    86   107   100    99
    82   129   156   136   135   124   127   145   139   160   204   225
   253   286   299   334   386   454   515   530   542   567   585   591
   555   522   513   490   473   447   379   330   335   322   294   314
   312   281   274   270   280   336   380   355   314   308   345   407
   481   517   529   527   532   578   562   502   466   448   439   397
   342   304   258   199   140   111    91    72    80    77    70    72
    80   109   136   122   118   117   107   109    99   133   195   220
   256   292   308   363   429   483   509   516   516   497   471   473
   445   402   403   407   388   339   280   237   248   275   249   235
   246   217   200   190   167   207   269   289   266   265   298   357
   423   446   445   486   536   576   594   542   473   409   369   357
   331   297   256   202   148   111    83    87   119   129    94    63
    95    95   110   110   117   122   115   122   117   141   198   217
   229   280   333   395   448   479   496   503   499   462   406   370
   357   335   339   352   334   283   226   187   188   223   235   234
   241   208   174   171   150   154   222   259   244   247   268   316
   369   405   421   462   522   559   592   564   481   399   349   363
   371   334   286   231   176   128    94   104   146   165   138   107
   101   111   134   127   130   128   142   154   158   185   212   235
   239   284   349   404   441   463   487   499   491   465   427   382
   367   357   341   314   277   240   195   164   158   168   192   215
   212   197   166   153   163   155   190   218   208   213   239   293
   342   394   405   413   461   509   551   564   517   448   403   390
   394   365   321   257   195   145   117   130   148   144   134   127
   140   149   161   151   163   170   176   193   196   206   239   275
   310   355   383   399   426   466   498   519   511   472   433   406
   389   368   322   263   230   193   167   169   169   165   155   150
   140   149   161   151   163   170   176   193   196   206   239   275
   310   355   383   399   426   466   498   519   511   472   433   406
   389   368   322   263   230   193   167   169   169   165   155   150
hematite ST08 -> 104 hem  FZ-Juelich                                          
104 hxxxx  5.00 5.0090.00    1    0  (12f6.0)  
10000 .500 -112    0   0.    STARL33 
  7300  7300  7300  7300  7300  7300  7300  7300  7300  7300  7300  7300
  7300  7300  7300  7300  7300  7300  7300  7300  7300  7300  7300  7300
  7300  7300  7300  7300  7300  7300  7300  7300  7300  7300  7300  7300
  7300  7300  7300  7300  7300  7300  7300  7300  7300  7300  7300  7300
  7300  7300  7300  7300  7300  7300  7300  7300  7300  7300  7300  7300
  7300  7300  7300  7300  7300  7300  7300  7300  7300  7300  7300  7300
  7104  7045  6990  6929  6859  6835  6786  6646  6563  6616  6667  6631
  6631  6725  6756  6927  7073  7052  7109  7148  7178  7244  7375  7401
  7423  7535  7575  7771  7968  8042  8257  8336  8273  8278  8343  8388
  8419  8476  8446  8361  8312  8320  8260  8126  8080  7967  7813  7757
  7719  7703  7700  7730  7718  7715  7660  7590  7606  7530  7519  7476
  7367  7379  7341  7201  7126  7004  7097  7300  7227  7177  7164  7144
  7623  7531  7434  7268  7124  7038  6929  6722  6772  6946  6725  6618
  6760  6903  6924  6966  7170  7372  7525  7674  7701  7788  8085  8360
  8609  8629  8532  8701  9041  9519  9716  9567  9477  9595  9680  9683
  9795  9798  9713  9701  9748  9769  9555  9510  9840  9576  9131  8984
  9073  9118  8876  8791  8888  8928  8746  8591  8585  8527  8390  8219
  8008  7932  7937  8044  7710  7379  7764  8015  7922  7736  7598  7610
  9008  8908  8909  8829  8702  8558  8344  8230  8582  8893  8482  8258
  8408  8497  8531  8330  8313  8719  9107  9424  9558  9748 10244 10702
 10807 10627 10590 10384 10465 10917 10636 10299 10106 10154 10259 10307
 10448 10219 10135 10386 10547 10964 11266 11543 12173 12235 12076 12106
 12374 12425 12001 11641 11642 11369 10996 10948 10868 10850 10507 10098
  9821  9693  9632  9906  9516  9103  9461  9454  9400  9141  8935  8987
 11494 11410 11405 11665 11640 11412 11170 10670 10968 11320 11299 10882
 10667 10622 10471 10562 10806 10897 11359 11730 12419 12975 13485 13902
 13436 13243 13311 12871 12541 12366 11825 12060 11694 11255 11380 11479
 11613 11314 11064 11482 11954 12721 14008 14067 14437 15270 15983 16266
 16469 16394 15943 15847 15589 14990 14440 14292 14503 14391 13683 12926
 12292 12433 12426 12086 11759 11689 11783 12070 11730 11663 11674 11497
 16209 16258 16200 16525 16399 15926 15771 14880 14513 14650 14704 14067
 13476 13063 12777 12797 13236 13340 13726 14187 15368 16354 16680 17038
 16656 16451 16364 16078 15805 15414 14807 15239 14931 14417 14472 14226
 14102 13993 13914 14287 15083 15821 17231 17319 17826 18841 19287 19425
 19631 19513 19180 19477 19297 19014 18749 18368 18478 18015 17028 16348
 15547 15743 16058 15561 15247 15554 15821 16459 15833 15935 16048 15870
 21133 21139 21166 21207 20714 20088 19763 19273 18285 17997 17855 17140
 16398 15709 15484 15075 15096 15624 16217 17054 18213 19290 19501 19720
 19912 19958 20275 20355 20225 19871 19676 19542 19130 19190 19398 18892
 18249 18327 18774 18856 19259 20112 21154 21862 22434 22721 21940 21903
 22268 22107 22205 22247 22109 21863 21938 21851 21070 20154 19511 19170
 18812 18629 18865 18821 19032 19394 19613 19904 19592 19725 19941 20438
 21492 21393 20845 21011 20830 20221 20010 19848 19393 19121 18983 18552
 18100 17507 16727 16439 16763 17180 17853 18984 20350 21256 21297 21672
 22581 23102 23669 23728 23262 23414 24000 24025 23557 24049 24443 23727
 23222 23381 23349 23663 23957 23819 24742 25693 25841 25433 24768 24739
 24815 24443 24063 23998 23822 23455 23215 22743 21766 21010 20328 19427
 19217 18926 18840 18910 19207 19812 19665 19368 19284 19657 20169 20719
 16754 16595 15866 16256 16690 16136 16221 16485 16716 17166 17512 17679
 17306 17091 16652 16610 16655 16968 18146 19191 20646 21911 22472 22638
 23627 24716 25350 25825 25921 25834 25950 26160 25640 26057 26507 25715
 25145 24985 24398 24734 24810 24091 25340 26447 26286 26076 26050 26346
 25935 25223 24764 24453 23887 23277 23012 22065 20886 20017 19014 18058
 17823 17614 16757 16316 16548 16764 16207 15283 15219 15606 16095 16417
  9318  8588  8917  9022  9631  9972  9787 10197 11572 12357 13418 14618
 14485 14534 14787 14713 15082 16203 17507 18312 19759 20786 21212 22294
 23747 24884 25263 25864 26007 25610 25114 24424 23950 24224 24486 24146
 22975 21980 21087 20935 21709 22179 22811 22861 23499 23961 23984 24533
 24770 24699 24216 23206 22094 21001 20129 19490 18562 17342 16113 15317
 14807 14190 13065 12377 12189 11527 10328  9425  9165  8863  9236 10143
  4196  3544  3891  4253  5474  6344  6508  6156  7331  8458  9368 10750
 11009 10968 11777 12303 13100 14605 15463 16197 17322 17827 18306 19791
 21186 22095 22680 23183 22920 21861 20979 20115 19731 19480 18979 18482
 17057 16049 16105 16284 16855 17609 17940 18129 18733 18822 19156 19711
 20358 21345 20782 18758 17581 17381 16620 15853 14868 13718 12552 11648
 11307 10780  9799  8899  8090  6945  6306  5623  5081  4649  4551  5347
  1486  1132  1289  2052  2624  3171  3820  4396  4973  5783  6250  6927
  7522  7888  8921  9979 10680 11114 11895 12791 13620 14495 15124 16013
 17061 17933 18578 18671 18555 17620 16774 16347 15481 14361 13586 13342
 12811 12760 12638 12143 12682 13374 13644 14024 13846 14043 14719 15458
 16349 16440 16151 15160 14446 13898 12881 11961 11063 10447  9664  9020
  8669  7898  6866  6014  5002  3950  3369  2924  3093  3309  2798  2092
  1052   967  1148  1300  1403  1884  2520  3353  3868  3915  4180  4844
  5601  5962  6241  7304  8414  8471  8860 10049 10622 10798 11473 11997
 12454 13464 13902 13668 13601 12973 12502 12391 11697 11161 10214  9735
 10257 10614 10002  9149 10134 10891 10602 10889 10787 10723 10871 11585
 12096 11636 11461 11465 11159 10791  9986  8906  8510  8131  7316  6803
  6490  5656  4786  4061  3154  2495  2196  1865  2148  2565  2584  1829
   832   532   492   691   993  1289  1892  2561  2718  2852  3223  3744
  4442  4866  4756  5159  5864  6459  7142  7932  8506  8743  9374  9846
 10065 10352 10612 10623 10547 10040  9684  9663  9242  9535  9544  9057
  8936  8894  8944  8849  8725  8758  8515  8861  9078  8817  8570  8709
  8634  8507  8946  9106  8811  8323  8107  7644  6947  6459  5937  5359
  5064  4643  4083  3373  2505  1775  1610  1206   950  1394  1803  1472
   609   467   428   487   846  1423  1914  2294  2458  2293  2292  2773
  3467  3869  3914  4249  4687  5104  5885  6270  6406  7083  7649  7844
  8083  8247  8484  8804  8782  8523  8248  8015  8048  8316  8741  8768
  8393  8188  8399  8248  7166  6465  6505  6885  7030  7084  7238  6924
  7143  7476  7636  7824  7363  6682  6228  6122  5863  5463  4986  4410
  4077  3655  3005  2417  2027  1819  1705  1365  1036   893   755   745
   695  1093   953   689   826  1503  2353  2607  2628  2576  2345  2788
  3051  3090  3598  3700  3946  4283  4456  4840  5155  5278  5794  6224
  6417  6543  6806  7425  7468  7532  7403  6915  7557  8255  8319  8165
  7318  6710  6965  6933  5933  5160  5174  5399  5558  6140  6242  5982
  6363  6238  6090  6045  5508  5140  4688  4442  4485  4222  4236  4099
  3479  3148  2725  2201  2238  2369  2280  2080  1754  1228   813   578
  1564  1787  1460  1259  1439  2209  2923  2950  3232  3244  2787  2518
  2728  3112  3154  3373  3674  3739  3735  3610  4145  4270  4458  5255
  5086  4828  5505  6001  6311  6950  6821  6834  7464  7703  7495  7013
  6797  6158  5921  5993  5096  4266  3753  3883  4122  4479  5136  5540
  5624  5110  4816  4826  4375  4079  3927  3553  3638  3918  3875  3457
  3117  2948  2634  2651  2963  2987  2696  2564  2404  2031  1944  1722
  2396  3096  2556  2339  2667  2688  2856  2917  2726  3236  3430  2582
  2452  3181  3223  2712  3131  3780  3636  3458  3838  4233  4511  4385
  3890  3866  4502  5208  5567  5447  5166  5617  5374  5496  5975  5283
  5152  4883  4835  4341  3464  3512  3411  3566  3560  3533  3932  3806
  3356  3298  3249  3258  3778  4362  3948  3152  3347  3866  3953  3278
  3082  3149  2736  3130  3705  3407  3048  3312  2920  2642  2868  2217
  3715  3840  3590  3131  3069  2998  2996  2996  3078  3362  3131  2771
  2678  2994  3041  3106  3828  4115  3871  3758  3752  3896  4083  3732
  3305  3344  3809  4389  4341  4135  3756  3755  4116  3969  3479  3348
  3715  3840  3590  3131  3069  2998  2996  2996  3078  3362  3131  2771
  2678  2994  3041  3106  3828  4115  3871  3758  3752  3896  4083  3732
  3305  3344  3809  4389  4341  4135  3756  3755  4116  3969  3479  3348
