   1.01   1.01   1.03   1.03   1.06   1.02   1.00   1.00   0.93   0.93   0.98   0.87   0.89   0.89   0.93   0.86   0.88   0.87   0.90 
   1.01   1.01   1.07   1.04   1.08   1.02   1.00   0.97   0.96   0.95   0.95   0.91   0.87   0.89   1.79   0.94   0.87   0.86   0.88 
   1.01   1.04   1.05   1.08   1.07   1.02   1.00   0.99   0.97   1.06   1.36   0.91   0.92   0.89   0.87   0.90   0.91   0.89   0.89 
   1.01   1.01   1.19   1.11   1.05   1.03   1.01   0.98   0.98   0.96   0.95   0.92   0.92   0.94   0.88   0.96   0.87   0.91   0.86 
   1.01   1.03   1.14   1.10   1.03   1.06   1.04   1.00   1.01   0.99   0.95   0.94   0.94   0.91   0.92   0.95   0.89   0.90   0.89 
   1.01   1.03   1.14   1.13   1.06   1.06   1.07   1.00   1.02   1.00   0.96   1.02   0.92   0.94   0.93   0.94   0.91   0.92   0.89 
   1.01   0.99   1.06   1.09   1.05   1.05   1.04   1.07   1.02   0.97   0.98   0.93   0.97   0.95   1.72   0.95   0.94   0.91   0.91 
   1.01   1.03   1.09   1.10   1.07   1.07   1.04   1.04   1.03   1.03   1.01   0.99   0.98   0.99   0.90   0.99   0.93   0.93   0.92 
   1.01   1.03   1.05   1.15   1.05   1.06   1.08   1.06   1.06   1.03   1.03   1.00   0.99   0.98   0.94   0.95   0.95   0.97   0.92 
   1.01   1.02   1.04   1.06   1.08   1.13   1.05   1.07   1.07   1.03   1.06   1.00   1.02   1.01   0.97   1.01   0.97   0.98   0.95 
   1.01   1.05   1.07   1.06   1.10   1.11   1.06   1.06   1.06   1.05   1.05   1.03   1.03   1.04   0.98   1.00   0.97   0.99   0.95 
   1.01   1.07   1.04   1.06   1.09   1.08   1.08   1.09   1.04   1.08   1.08   1.05   1.06   1.06   1.02   1.01   1.02   0.99   0.98 
   1.01   1.05   1.05   1.06   1.08   1.08   1.07   1.10   1.09   1.10   1.06   1.09   1.08   1.06   1.05   1.06   1.24   1.00   1.04 
   1.01   1.05   1.05   1.08   1.12   1.08   1.10   1.10   1.11   1.13   1.13   1.10   1.11   1.09   1.09   1.12   1.07   1.12   1.09 
   1.01   1.02   1.02   1.08   1.08   1.10   1.08   1.15   1.11   1.10   1.13   1.15   1.10   1.15   1.15   1.11   1.08   1.06   1.06 
   1.01   1.03   1.04   1.06   1.09   1.07   1.06   1.13   1.15   1.15   1.12   1.18   1.15   1.17   1.13   1.13   1.13   1.15   1.09 
   1.01   1.02   1.02   1.03   1.09   1.11   1.10   1.14   1.13   1.16   1.15   1.14   1.15   1.19   1.15   1.19   1.17   1.15   1.14 
   1.01   1.01   1.04   1.05   1.15   1.05   1.09   1.15   1.15   1.17   1.17   1.16   1.17   1.18   1.18   1.18   1.20   1.24   1.15 
   1.01   0.98   1.02   1.04   1.51   1.06   1.12   1.14   1.17   1.15   1.15   1.16   1.12   1.17   1.19   1.23   1.19   1.27   1.18 
   1.01   1.03   1.04   1.03   1.07   1.05   1.09   1.11   1.14   1.12   1.16   1.14   1.15   1.20   1.19   1.25   1.22   1.26   1.25 
   1.01   1.03   1.01   1.07   1.05   1.04   1.05   1.13   2.48   1.11   1.14   1.15   1.16   1.19   1.23   1.23   1.25   1.29   1.21 
   1.01   1.00   1.03   1.06   1.03   1.02   1.05   1.09   1.11   1.09   1.13   1.12   1.14   1.14   1.16   1.17   1.18   1.26   1.17 
   1.01   0.99   1.00   1.48   1.04   1.04   1.06   1.11   1.10   1.07   1.06   1.11   1.10   1.11   1.12   1.13   1.13   1.17   1.14 
   1.01   1.00   1.09   1.18   1.04   1.02   1.04   1.06   1.08   1.05   1.07   1.08   1.07   1.08   1.06   1.10   1.09   1.09   1.11 
   1.01   0.99   1.07   1.03   0.99   1.03   1.02   1.03   1.07   1.07   1.02   1.03   1.04   1.03   1.03   1.08   1.02   1.08   1.07 
   1.01   1.01   1.07   0.99   1.01   1.02   1.03   1.02   1.06   1.01   1.03   1.00   1.04   1.04   1.03   1.00   1.01   1.04   1.03 
   1.01   0.97   1.00   1.00   1.00   1.00   1.02   1.00   1.02   1.03   1.02   1.02   1.01   1.01   1.06   0.99   0.99   1.00   1.00 
   1.01   0.97   1.03   0.99   0.98   1.02   0.98   1.00   1.00   1.03   0.98   1.01   1.02   0.99   1.05   0.99   0.99   1.00   0.99 
   1.01   1.01   1.00   0.95   0.97   0.96   0.98   0.98   1.01   1.02   0.99   1.04   1.02   0.98   0.97   0.99   0.92   1.07   0.97 
   1.01   1.01   1.01   0.98   0.96   1.65   0.98   1.00   0.96   0.99   0.99   1.04   0.99   1.07   0.99   0.96   0.97   0.94   0.95 
   1.01   1.00   0.98   0.98   1.00   0.97   0.97   0.95   0.95   0.97   0.96   0.97   1.04   0.97   0.93   0.96   0.94   0.93   0.95 
   1.01   0.97   0.97   1.00   0.98   0.95   0.99   0.99   0.96   0.98   0.92   0.95   0.95   0.98   0.95   0.95   0.93   0.93   0.94 
   1.01   1.03   0.99   0.98   0.97   0.94   0.94   0.95   0.92   0.95   0.97   0.95   0.91   0.96   0.96   0.92   0.95   0.94   0.91 
   1.01   0.98   1.01   0.96   0.95   0.94   0.94   0.95   0.94   0.96   0.93   0.93   0.95   0.92   1.13   0.92   0.94   0.97   0.90 
   1.01   0.99   0.96   0.96   0.97   0.97   0.92   0.94   0.91   0.95   0.92   0.91   0.92   0.91   0.94   0.92   0.96   0.94   0.90 
   1.01   0.98   0.98   0.97   0.95   0.92   0.93   0.95   0.91   0.94   0.90   0.92   0.92   0.95   0.96   0.92   0.92   0.92   0.92 
   1.01   1.01   0.96   0.97   0.93   0.92   0.93   0.91   0.92   0.93   0.86   0.90   0.91   0.93   0.97   0.90   0.91   0.94   0.90 
   1.01   1.01   0.99   0.96   0.94   0.92   0.91   0.88   0.92   1.00   0.89   0.89   0.99   0.88   0.91   0.90   0.89   0.88   0.84 
   1.01   0.99   0.98   0.95   0.93   0.93   0.91   0.90   0.94   0.91   0.89   0.87   0.99   0.98   0.87   0.86   0.90   0.93   0.99 
   1.01   1.00   0.97   0.99   0.92   0.92   0.90   0.90   0.91   0.89   0.89   0.84   0.84   0.87   1.05   0.85   0.84   0.87   0.79 
   1.01   1.01   0.99   0.88   0.95   0.91   0.90   0.87   0.89   0.87   0.89   0.87   0.86   0.86   0.87   0.85   0.85   1.05   0.87 
   1.01   0.99   1.00   0.97   0.94   0.91   0.90   0.90   0.93   0.90   0.88   0.82   0.86   0.84   0.85   0.84   0.82   0.84   0.83 
   1.01   1.00   1.00   0.95   0.90   0.91   0.89   0.89   0.86   0.87   0.86   0.86   0.87   0.86   0.84   0.90   0.83   0.83   0.83 
   1.01   1.03   1.02   0.94   0.92   0.90   0.90   0.87   0.85   0.88   0.96   0.86   0.90   0.88   0.85   1.10   0.87   0.83   0.81 
   1.01   1.02   1.01   0.94   0.93   0.93   0.87   0.88   0.86   0.88   0.92   0.86   0.85   0.88   0.85   0.82   0.85   0.86   0.86 
   1.01   1.00   1.00   0.91   0.95   0.93   0.90   0.88   0.86   0.87   0.86   0.87   0.85   0.87   0.95   0.86   0.86   0.87   0.85 
   1.01   1.02   0.99   0.93   0.93   0.90   0.89   0.89   0.88   0.88   0.85   0.86   0.85   0.86   0.95   0.85   0.86   0.90   0.86 
   1.01   1.01   0.96   0.93   0.91   0.91   0.87   0.85   0.87   0.88   0.86   0.88   0.85   0.86   0.89   0.89   0.84   0.86   0.90 
   1.01   0.98   0.97   0.97   0.92   0.96   0.89   0.90   0.87   0.89   0.93   0.86   0.87   0.85   0.87   0.86   0.87   1.21   0.89 
   1.01   0.99   0.99   0.97   0.90   0.92   0.88   0.91   0.90   0.86   0.89   0.87   0.86   0.88   0.88   0.87   0.86   0.90   0.85 
   1.01   1.02   1.02   0.96   0.91   0.93   0.90   1.02   0.88   0.89   0.89   0.87   0.86   0.87   0.87   0.88   0.87   0.88   0.90 
   1.01   0.99   1.01   0.96   0.94   0.94   0.90   0.91   0.88   0.93   0.89   0.88   0.89   0.90   0.86   0.89   0.87   0.89   0.86 
   1.01   1.01   0.99   0.96   0.94   0.93   0.92   0.91   0.93   0.94   0.92   0.88   0.87   0.90   0.89   0.89   0.88   0.86   0.91 
   1.01   1.03   1.05   0.95   0.97   0.93   0.93   0.94   0.93   0.89   0.87   0.89   0.89   0.89   0.92   0.88   0.90   0.89   0.89 
   1.01   1.00   1.01   0.97   0.97   0.93   0.92   1.13   0.92   0.91   0.92   0.97   0.93   0.88   0.92   0.89   0.89   0.89   0.90 
   1.01   1.00   0.97   0.95   0.96   0.96   0.92   0.95   0.95   0.92   0.94   0.90   0.89   0.93   0.90   0.90   0.89   0.91   0.90 
   1.01   1.00   1.00   1.00   0.97   0.97   0.95   0.93   0.94   0.93   0.94   0.94   0.95   0.95   0.95   0.90   0.92   0.94   0.94 
   1.01   1.00   1.04   0.96   0.96   0.98   0.94   0.98   0.97   0.96   0.95   0.95   1.95   0.95   0.94   0.96   0.96   0.96   0.94 
   1.01   1.00   1.01   1.00   0.96   0.96   1.07   0.98   1.02   0.98   0.97   0.99   0.97   0.99   0.97   0.95   0.98   0.97   0.95 
   1.01   1.00   0.96   0.97   0.96   0.99   0.99   1.02   1.04   1.00   1.01   0.97   0.98   1.01   0.94   0.97   1.01   0.98   0.98 
   1.01   0.98   0.98   1.00   0.99   0.99   0.98   1.05   1.00   1.07   1.00   1.02   1.01   1.01   1.01   1.03   1.02   1.01   1.03 
   1.01   1.01   1.02   1.01   0.98   0.99   1.00   1.06   1.02   1.01   1.03   1.04   1.03   1.06   1.04   1.07   1.07   1.06   1.04 
   1.01   1.02   0.98   1.03   1.03   0.99   1.02   1.01   1.00   1.04   1.04   1.07   1.07   1.03   1.08   1.09   1.09   1.11   1.05 
   1.01   1.02   0.98   1.00   1.04   1.03   0.99   1.02   1.04   1.06   1.07   1.19   1.07   1.08   1.11   1.09   1.16   1.09   1.09 
   1.01   0.99   1.00   1.02   1.03   1.00   1.04   1.02   1.11   1.08   1.07   1.08   1.09   1.09   1.08   1.12   1.09   1.50   1.09 
   1.01   1.00   1.02   1.05   1.04   1.02   1.02   1.11   1.08   1.12   1.10   1.13   1.11   1.13   1.13   1.13   1.15   1.19   1.13 
   1.01   1.01   1.02   1.16   1.00   1.08   1.06   1.14   1.07   1.08   1.12   1.12   1.14   1.16   1.13   1.15   1.19   1.19   1.18 
   1.01   1.01   1.01   1.10   1.02   1.14   1.05   1.10   1.11   1.12   1.10   1.16   1.24   1.15   1.23   1.18   1.19   1.16   1.20 
   1.01   1.01   1.02   1.08   1.01   1.04   1.06   1.11   1.11   1.15   1.15   1.15   1.15   1.17   1.23   1.15   1.16   1.15   1.19 
   1.01   1.01   1.01   1.06   1.01   1.07   1.07   1.09   1.10   1.15   1.14   1.14   1.19   1.17   1.16   1.21   1.16   1.21   1.19 
   1.01   1.02   1.03   1.07   1.05   1.08   1.09   1.12   1.11   1.13   1.13   1.16   1.17   1.18   1.17   1.17   1.16   1.17   1.12 
   1.01   0.99   1.02   1.06   1.04   1.10   1.09   1.08   1.17   1.11   1.13   1.15   1.14   1.16   1.15   1.15   1.12   1.12   1.10 
   1.01   1.02   1.02   1.06   1.07   1.08   1.06   1.08   1.13   1.13   1.13   1.15   1.12   1.12   1.13   1.11   1.11   1.09   1.10 
   1.01   0.98   1.02   1.04   1.04   1.08   1.07   1.10   1.12   1.10   1.14   1.12   1.10   1.10   1.09   1.07   1.10   1.07   1.00 
   1.01   1.03   1.02   1.08   1.06   1.07   1.08   1.11   1.10   1.07   1.13   1.10   1.14   1.08   1.08   1.06   1.02   1.08   0.98 
   1.01   1.01   1.06   1.20   1.06   1.09   1.10   1.11   1.09   1.10   1.07   1.12   1.08   1.10   1.06   1.03   1.02   0.99   0.97 
   1.01   0.99   1.05   1.08   1.06   1.10   1.08   1.06   1.05   1.08   1.08   1.19   1.06   1.03   1.01   1.00   1.01   0.98   0.97 
   1.01   1.00   1.02   1.03   1.04   1.09   1.04   1.08   1.06   1.09   1.04   1.10   1.04   1.05   1.02   1.02   1.01   0.98   0.97 
   1.01   0.99   1.02   1.06   1.04   1.07   1.05   1.06   1.05   1.04   1.02   1.03   1.03   0.99   1.04   0.99   0.97   1.00   1.04 
   1.01   1.02   1.04   1.06   1.06   1.07   1.03   1.05   1.06   1.02   1.03   1.05   1.03   0.99   0.98   0.97   0.93   0.95   0.92 
   1.01   1.01   1.06   1.04   1.09   1.12   1.07   1.05   1.04   1.03   1.04   1.03   0.99   1.17   0.98   0.96   0.97   0.98   0.93 
   1.01   1.01   1.06   1.07   1.15   1.12   1.03   1.07   1.07   1.00   1.00   0.99   1.12   0.96   0.96   0.95   0.96   0.98   0.92 
   1.01   1.02   1.05   1.05   1.06   1.06   1.05   1.03   1.03   1.00   0.97   1.00   0.95   0.94   0.97   0.92   0.92   0.93   0.91 
   1.01   1.02   1.04   1.07   1.06   1.08   1.04   1.02   1.07   0.97   0.99   0.96   0.96   0.93   0.94   0.97   0.92   0.89   0.91 
   1.01   1.04   1.06   1.05   1.05   1.04   1.01   1.02   1.08   0.99   1.08   0.96   0.94   0.99   0.93   0.93   0.91   0.92   0.89 
   1.01   1.03   1.05   1.06   1.07   1.03   1.09   1.03   1.03   0.96   0.96   0.91   0.94   0.94   0.94   0.91   0.91   0.89   0.86 
   1.01   1.02   1.04   1.04   1.04   1.10   0.98   1.05   1.01   1.00   0.97   0.92   0.92   0.90   0.87   0.91   0.88   0.85   1.02 
   1.01   1.03   1.03   1.04   1.07   0.99   1.01   1.05   0.99   0.98   0.96   0.90   0.89   0.91   0.90   0.86   0.85   0.87   0.85 
   1.01   1.02   1.07   1.03   1.06   1.04   1.00   1.00   1.02   0.93   0.95   0.90   0.92   0.89   0.89   0.93   0.87   0.85   0.85 
   1.01   1.03   1.04   1.11   1.07   1.02   0.97   1.00   0.98   0.99   0.91   0.94   0.90   0.87   0.88   0.88   0.86   0.86   0.85 
   1.01   1.03   1.03   1.06   1.04   1.06   1.03   1.00   0.96   0.97   0.91   0.88   0.97   0.86   0.87   0.86   0.88   0.86   0.83 
   1.01   1.02   1.04   1.06   1.04   1.04   1.03   1.00   0.98   0.92   0.91   0.92   0.88   0.87   0.86   0.87   0.85   0.86   0.85 
   1.01   1.05   1.02   1.09   1.04   1.01   0.99   0.96   0.92   0.94   0.86   0.90   0.88   0.85   0.93   0.86   0.88   0.87   0.82 
   1.01   1.02   1.03   1.05   1.02   1.05   0.95   0.96   0.98   0.91   0.93   0.89   0.90   0.88   0.89   0.86   1.07   0.84   0.84 
   1.01   1.03   1.05   1.09   1.03   0.98   0.99   0.95   0.94   0.91   0.91   0.89   0.88   0.88   0.88   0.87   0.86   0.88   0.86 
   1.01   1.02   1.05   1.04   1.04   1.02   1.00   1.01   0.98   0.95   0.93   0.90   0.84   0.86   0.95   0.86   0.87   0.87   0.92 
