-0.295080 1.238840 0.110185
1.390814 -0.235007 1.266597
0.334789 -1.996820 -2.056226
-0.908117 -1.023973 1.626788
0.104315 0.005675 1.423354
0.498496 -0.312641 -0.527984
2.363100 0.592257 -3.146440
0.192696 -0.568730 0.262893
-1.806394 1.073173 -0.584638
-34.698578 -49.365844 10.022121
2.941193 -2.032170 -0.784572
1.350076 -0.539604 1.095632
-1.849547 2.884636 -3.384573
0.214714 -0.599203 0.374217
5.468037 1.773339 -10.072494
-0.160804 0.105884 -0.550676
-0.089034 -3.231386 -3.311503
-1.325621 -0.111160 0.291523
-1.485216 -0.072474 0.601639
-11.457792 -15.110899 2.825566
-10.854350 9.744354 13.374013
2.410303 0.324558 -4.430287
0.340125 -1.877353 -1.735528
5.534002 0.870877 -1.472869
0.717272 1.721387 -1.509609
-1.107959 0.698175 -0.627828
4.123150 -2.896181 0.157352
0.681526 -0.577991 -0.611436
-1.626427 0.995631 -0.851124
-1.681558 1.682776 1.992987
3.312337 1.176667 -4.814677
-1.202746 -0.103753 0.337602
0.469921 -5.537790 -3.949550
0.687948 -0.430836 -0.557182
3.536075 -1.556103 -0.773004
2.799581 0.701387 -3.364743
0.584587 1.210036 -0.837505
0.522362 -1.963588 -1.821381
0.251935 0.533349 2.396308
-1.799526 1.358657 2.114453
-4.601958 -1.482908 -3.191001
4.965086 -2.972599 -0.172273
-1.469530 -1.118571 -5.754850
6.508362 -2.899428 -0.740668
0.363003 0.290495 1.504045
-20.132743 -6.224155 -13.519676
0.303529 -2.650740 -1.956137
-1.576887 0.770002 -0.389143
-8.820282 -3.139502 -5.790937
-0.319693 -0.141810 -2.345770
-3.638039 -1.061107 -2.025009
0.467963 1.194533 -0.831483
0.044093 -3.503399 -3.029097
5.087983 -2.918486 -0.140779
1.362468 -4.034930 0.638307
-0.548332 -1.022046 1.486254
0.694923 -3.129149 0.266042
-8.468784 -14.525683 4.720992
-0.065028 0.157027 0.359783
-0.634657 -1.245312 -0.479158
0.200904 0.256974 1.407362
-0.502021 -1.160872 1.313734
-2.816969 -4.462180 1.011316
0.755255 -0.441939 -0.417785
-0.110710 -2.003077 -2.003730
0.454570 1.738502 -1.217195
2.216628 4.042636 2.432622
0.178505 -1.866053 -1.962066
0.098214 -2.083044 -1.500588
-2.219913 5.874385 -6.199461
0.221697 -0.762680 0.211280
-0.066494 0.304465 2.030985
-0.977421 -0.176816 -4.579375
88.981370 -163.328531 245.243424
3.406807 4.702522 3.923882
-0.236757 0.259332 -0.577768
5.803784 -2.583200 -0.885144
-13.763378 -3.838187 -11.043498
-4.779828 -1.630928 -3.487671
-0.356189 0.104206 -0.650964
0.494951 -0.244020 -0.485695
0.109010 0.556379 1.986880
286.825403 75.592320 -85.890405
-0.978126 0.031748 0.241180
1.682921 0.382334 -2.854381
-1.008715 -0.129673 0.378544
1.401640 -5.456967 -0.413270
-60.017191 -23.959517 -48.178280
-0.059447 0.430649 1.456727
1.860449 -7.369571 -0.212526
-0.762841 -0.899045 -0.404473
-18.951712 -37.224207 -0.465702
-0.815040 -0.859575 -0.267506
1.585284 -5.134402 0.448946
1.243789 2.286618 1.560620
-0.556208 1.603635 0.166712
-0.374864 1.272951 0.220924
9.157932 -14.424294 16.366621
0.098209 0.543940 1.497549
-0.256407 0.210691 -0.538586
