File:		X:\David\Freiberg\NiR700-200\XpertData\n70200c.rw1
Sample:	DG-NiWR-700°C/1h-(20
Created:	22-Jul-2006 1:11
Type:		Raw pole figure
Origin:	Exported by X'Pert SW; hkl:2 0 0        

Goniometer radius (mm):	320
Sample stage:			Other
Receiving slit (mm):		1.00
Divergence slit (mm):	0.00
Distance focus mask (mm):	145
X-ray tube anode:	Unknown
Tube focus:		Generator (kV):	
Generator (kV):	40
Generator (mA):	40
Wavelength (A):	1.5406

	 Start    End   Step
Psi:	  0.00  75.00   2.50
Phi:	  0.00 360.00   2.50

hkl:			2 0 0

2Theta (°):		51.5810
Time per step (s):	0.80
Sample oscillation (mm):	0

Phi\Psi      0.00      2.50      5.00      7.50     10.00     12.50     15.00     17.50     20.00     22.50     25.00     27.50     30.00     32.50     35.00     37.50     40.00     42.50     45.00     47.50     50.00     52.50     55.00     57.50     60.00     62.50     65.00     67.50     70.00     72.50     75.00
   1.25  11834.11  13107.20   3577.81    561.80    115.20     25.31     15.31     13.61     15.31     25.31     15.31     27.61     24.20     32.51     63.01     25.31     25.31     26.45     12.80     11.25      2.45      2.45      5.00      2.45      3.61      2.45      2.45      5.00      5.00      3.61      2.45
   3.75  13598.11  11162.81   4410.45    588.61     66.61     28.80     12.80     21.01     33.80     20.00     32.51     13.61     35.11     43.51     52.81     21.01     25.31      6.05     12.80      7.20      8.45     12.80      6.05      0.00      5.00      5.00      2.45      3.61      1.25      2.45      5.00
   6.25  12525.01   9202.05   4395.61    819.20     86.11     17.11     36.45     12.80     19.01     25.31     27.61     54.45     16.20     25.31     42.05     26.45     26.45     17.11     16.20      9.80      3.61      2.45      5.00      6.05      8.45      1.25      2.45      0.00      1.25      2.45      8.45
   8.75  13468.05   9288.05   3062.81    924.80    108.11     17.11      8.45     16.20     15.31     24.20     33.80     32.51     21.01     26.45     26.45     22.05     20.00     20.00      9.80      6.05      3.61      6.05      5.00      6.05     15.31      3.61      1.25      7.20      5.00      2.45      7.20
  11.25  15097.51   9374.45   3328.20    708.05     70.31     37.81     24.20     16.20     13.61     20.00     36.45     32.51      9.80     20.00     24.20     28.80     17.11     11.25      9.80      8.45      3.61      6.05      2.45      3.61      8.45      6.05      3.61      5.00      2.45      5.00      2.45
  13.75  20002.81  10881.11   4190.51    515.11    115.20     31.25     13.61     17.11     15.31     17.11     19.01     25.31     16.20     16.20     40.61     21.01     28.80     30.01     20.00      9.80     12.80      7.20      2.45      2.45      1.25      2.45      1.25      5.00      1.25      5.00      2.45
  16.25  17316.61  10974.61   4410.45    744.20    115.20     37.81     27.61     15.31      9.80     21.01     26.45      9.80     12.80     17.11     21.01     25.31     39.20     26.45     30.01     16.20     12.80     16.20     13.61      6.05      2.45     11.25      5.00      3.61      6.05      2.45     12.80
  18.75  11882.81  10305.80   2976.80    638.45    151.25     24.20     24.20     21.01     20.00     24.20     46.51     30.01     16.20     26.45     21.01     40.61     48.05     35.11     24.20     16.20     21.01      6.05      7.20      9.80      5.00      8.45      6.05      5.00      2.45      5.00      5.00
  21.25   9945.80   9702.01   5184.20    871.20    156.80     27.61     17.11     17.11     16.20     19.01     21.01     28.80     17.11     37.81     25.31     42.05     57.80     36.45     48.05     42.05     24.20     15.31     12.80     11.25      5.00      5.00      5.00      0.00      9.80     11.25      7.20
  23.75   9266.51   9746.11   5544.45    616.05    165.31     54.45     17.11     19.01     16.20     42.05     21.01     15.31      9.80     32.51     33.80     57.80     54.45     66.61     66.61     57.80     27.61     19.01      8.45      8.45     15.31      6.05     16.20      5.00      9.80      3.61      3.61
  26.25  11162.81  11328.80   5346.45    938.45    135.20     27.61     11.25     25.31      9.80     16.20     22.05     16.20     22.05     37.81     28.80     68.45     66.61     57.80     64.80     61.25     45.00     27.61     15.31      9.80      9.80      6.05      8.45      5.00      9.80      6.05      8.45
  28.75  15015.20  11907.20   3537.80    726.01    140.45     35.11     20.00     13.61     12.80     25.31     37.81     15.31     35.11     22.05     37.81     66.61     63.01     45.00     57.80     35.11     51.20     20.00     13.61     15.31      9.80      8.45      5.00      3.61     15.31      5.00      3.61
  31.25  14580.00  13860.11   4515.01    959.11    273.80     39.20     16.20     20.00     11.25     17.11     26.45     26.45     22.05     21.01     28.80     66.61     76.05     64.80     40.61     35.11     33.80     27.61     16.20      9.80      7.20      7.20      8.45      7.20     12.80     15.31     12.80
  33.75  14715.31  16159.61   4681.80   1185.80    177.01     74.11     12.80      9.80     13.61     15.31     32.51     22.05     30.01     30.01     37.81     61.25     68.45     33.80     21.01     26.45     20.00     13.61     19.01     15.31     13.61      2.45      8.45      5.00      8.45     16.20     12.80
  36.25  14688.20  16965.31   3795.01   1125.00    183.01     70.31     22.05     15.31     11.25     17.11     12.80     46.51     16.20     31.25     27.61     46.51     54.45     35.11      9.80     15.31      9.80      7.20      9.80      9.80      8.45      8.45      8.45     11.25     16.20     11.25     13.61
  38.75  15125.00  14151.20   5445.00   1386.11    224.45     48.05     20.00     28.80      9.80     15.31     21.01     28.80     15.31     25.31     49.61     26.45     61.25     15.31     15.31     11.25      8.45      8.45      7.20      6.05      7.20     12.80      8.45     21.01     12.80     20.00      9.80
  41.25  12325.61  12400.20   5297.51   1402.81    211.25     54.45     27.61     16.20      9.80     13.61     16.20     19.01     13.61     19.01     20.00     19.01     40.61     21.01     11.25     11.25     11.25      3.61      8.45      7.20      5.00      9.80     12.80     17.11     26.45     12.80     24.20
  43.75  13676.45  12525.01   6808.05    959.11    296.45     68.45     27.61      6.05      8.45      7.20     15.31     21.01     16.20     15.31     28.80     20.00     27.61     17.11      8.45     12.80      5.00      1.25      5.00      1.25      7.20      3.61     12.80     19.01     19.01     28.80     19.01
  46.25  14071.51  12954.05   5729.11   1095.20    296.45     74.11     32.51     21.01      7.20      5.00      8.45     16.20      8.45     19.01     16.20     25.31     17.11     12.80      8.45      9.80      1.25      1.25      1.25      2.45      6.05      2.45     16.20     15.31      6.05     13.61      8.45
  48.75  14851.25  12979.51   6462.01   1394.45    316.01    120.05     42.05     13.61     11.25      8.45      3.61      3.61     11.25     12.80     16.20     21.01     12.80      9.80      3.61      5.00      9.80      6.05      3.61      3.61      0.00      6.05      1.25      6.05      5.00      9.80     12.80
  51.25  10351.25  13494.01   6125.00   2080.80    296.45     90.31     35.11     12.80      7.20      2.45      5.00      8.45      7.20      7.20      7.20     16.20     12.80      8.45     11.25      3.61      8.45      7.20      2.45      2.45      1.25      5.00      6.05      3.61      8.45      3.61      5.00
  53.75  10374.01  13520.00   5882.45   2497.61    308.11    130.05     28.80     22.05     11.25      6.05     16.20     15.31      9.80      5.00      5.00      8.45     20.00     21.01     20.00     30.01     11.25     13.61      7.20      6.05      2.45      6.05      2.45      8.45      3.61      0.00      3.61
  56.25  10192.61  12525.01   5611.25   2442.05    451.25    151.25     33.80     17.11     17.11      9.80      5.00      3.61      2.45      3.61      7.20      5.00     15.31     21.01     35.11     21.01     24.20     16.20     15.31      7.20      7.20      8.45      9.80      6.05      5.00      1.25      2.45
  58.75  12475.01  10974.61   4805.00   3001.25    672.80    183.01     76.05     20.00      6.05      9.80      9.80      9.80      1.25      1.25      0.00      7.20     11.25     28.80     32.51     51.20     57.80     37.81     22.05     22.05     27.61     19.01      3.61      5.00      3.61      3.61      5.00
  61.25  11281.25   9636.05   5346.45   3864.20    800.11    208.01     40.61     21.01     17.11     11.25     11.25      5.00      8.45      1.25      6.05      7.20     20.00     16.20     22.05     36.45     78.01     48.05     52.81     33.80     32.51     24.20     11.25     13.61      6.05      2.45      8.45
  63.75   9834.61  10125.00   5780.00   1748.45    551.25    292.61     54.45     15.31     25.31      8.45      6.05     17.11      7.20      5.00      3.61      5.00     11.25     13.61     24.20     32.51     42.05     52.81     74.11     54.45     36.45     16.20      6.05      7.20      8.45      6.05      5.00
  66.25   9834.61  12827.11   7050.01   3038.11    599.51    273.80    177.01     26.45     19.01     11.25      8.45     12.80      9.80      2.45      8.45      7.20      5.00     16.20      6.05     27.61     21.01     36.45     32.51     37.81     24.20      5.00     17.11      8.45      3.61      6.05      6.05
  68.75  11115.61  15207.61   6863.51   3200.45   1411.20    312.05     99.01     51.20     30.01     26.45     26.45     20.00      8.45      9.80      3.61      7.20      2.45     12.80     15.31     12.80     16.20     20.00     26.45     26.45     12.80      5.00     12.80      7.20      7.20     13.61      5.00
  71.25  12276.01  15429.01   8221.51   3038.11   1288.01    400.51    127.51     63.01     54.45     31.25     20.00     17.11     13.61     13.61      6.05     11.25      3.61      7.20      6.05      8.45      7.20      5.00      9.80      9.80      7.20      6.05      6.05      5.00      7.20      5.00      6.05
  73.75  10260.45  15262.81   7880.45   2796.61   1288.01    316.01    105.80    103.51     46.51     40.61     51.20     26.45     30.01     20.00      6.05      6.05      9.80      5.00      3.61      6.05      3.61      9.80      9.80      7.20      9.80      7.20      2.45      1.25      8.45      3.61      6.05
  76.25   9116.45  18120.20   8405.00   4395.61   1402.81    546.01    234.61    125.00     78.01     63.01     59.51     30.01     27.61     48.05     20.00      7.20      7.20      6.05      7.20      3.61      6.05      3.61      6.05      5.00      7.20      5.00      6.05      8.45      5.00      1.25      7.20
  78.75   9636.05  18788.45   6661.25   3645.00   1767.20    661.25    201.61    105.80    103.51     42.05     78.01     43.51     40.61     40.61     33.80     11.25      9.80      3.61      5.00      3.61      5.00      7.20      2.45      5.00      5.00      3.61      6.05      2.45      3.61      6.05      1.25
  81.25  10951.20  15401.25   7106.45   5184.20   1296.05    610.51    266.45    159.61     63.01     56.11     99.01    115.20     49.61     68.45     40.61     19.01      3.61      6.05      2.45      2.45      3.61      2.45     12.80      2.45     12.80     12.80      8.45     12.80      3.61      8.45      7.20
  83.75  10857.80  12954.05   9010.01   4395.61   1683.61    756.45    174.05    117.61    159.61     96.80    101.25     96.80     59.51     59.51     33.80     21.01     16.20      6.05      2.45      2.45      5.00      3.61      9.80     19.01     17.11     27.61     24.20      7.20      3.61      9.80      8.45
  86.25  11592.11  13132.81   5951.25   3511.25   2152.81   1087.81    227.81    277.51    159.61    127.51    117.61    177.01    112.81     70.31     48.05     35.11     12.80      8.45      5.00      5.00      8.45      7.20      5.00     17.11     28.80     25.31     25.31     24.20     24.20     20.00     22.05
  88.75  14769.61  13676.45   6552.20   4234.05   1522.51    832.05    332.11    171.11    252.05    165.31    221.11    162.45    217.80     59.51     32.51     22.05     16.20      3.61      7.20      8.45      2.45      3.61     16.20      7.20     35.11     30.01     33.80     33.80     19.01     13.61     13.61
  91.25  15512.45  12852.45   6808.05   4666.51   1960.20    605.00    300.31    277.51    120.05    137.81    224.45    208.01    122.51     66.61     17.11     16.20     11.25     11.25      5.00      5.00     11.25      1.25      5.00     15.31     26.45     32.51     48.05     12.80     11.25     17.11     11.25
  93.75  14688.20  12152.45  10465.31   3906.01   2173.61    649.80    316.01    143.11    143.11    227.81    125.00    192.20     70.31     64.80     33.80     12.80     11.25      0.00      1.25      5.00      3.61      6.05      8.45      8.45     15.31     22.05     22.05      7.20      7.20      3.61      6.05
  96.25  12226.51  11068.51  11688.61   3920.00   1980.05    599.51    231.20    145.80     78.01    143.11    135.20    120.05     86.11     49.61     33.80     12.80      2.45      3.61      3.61      7.20      1.25      6.05      6.05     11.25      6.05      5.00      6.05      1.25     13.61      2.45      3.61
  98.75  10603.01  10672.20   9879.01   3990.31   1575.31    884.45    340.31    217.80    171.11     82.01    103.51    105.80     88.20     35.11     16.20      6.05      5.00      9.80      5.00      3.61      5.00      3.61      5.00     11.25      6.05      1.25      1.25      5.00      7.20      6.05      2.45
 101.25  12575.11   9680.00   9834.61   4805.00   1419.61    525.31    248.51    120.05     90.31     66.61     70.31     40.61     39.20     35.11     20.00      5.00      6.05      5.00      5.00      6.05      6.05      3.61      7.20      8.45      3.61     11.25      7.20      6.05      3.61     11.25      3.61
 103.75  10147.51  10974.61  10534.05   3920.00   2010.01    535.61    270.11    151.25     48.05     54.45     40.61     40.61     16.20     43.51     20.00      5.00      5.00      7.20      5.00      7.20      6.05      3.61      6.05      6.05     11.25     15.31      6.05      2.45      5.00      2.45      3.61
 106.25   7469.11  13520.00  10927.81   5865.31   1344.80    520.20    241.51    115.20     48.05     33.80     30.01     22.05     22.05     21.01     15.31      2.45      5.00      3.61      6.05      6.05      9.80     12.80      5.00      7.20     11.25     12.80      9.80     12.80      5.00      6.05      6.05
 108.75   8673.61  15456.80   6624.80   4666.51   1155.20    485.11    183.01     66.61     40.61     27.61     24.20     22.05     12.80     17.11      8.45      3.61      7.20      8.45      2.45      7.20     11.25     22.05     11.25     17.11      7.20      7.20      8.45      3.61     12.80     12.80      1.25
 111.25   8201.25  14526.05   7372.80   4147.20   1557.61    515.11    171.11     27.61     20.00     13.61     13.61      8.45      3.61      7.20     13.61     13.61     15.31      3.61     24.20     17.11     17.11     40.61     36.45     36.45     22.05     12.80     12.80      5.00      5.00      3.61      3.61
 113.75  11448.11  12550.05  10580.00   6336.80   1361.25    475.31    125.00     51.20     16.20     35.11     12.80     13.61     17.11      6.05      9.80      8.45     15.31     22.05     13.61     37.81     42.05     63.01     54.45     43.51     43.51     19.01     13.61      6.05      7.20      3.61      6.05
 116.25  11448.11  11257.51   9768.20   3892.05   1462.05    409.51     94.61     28.80     27.61     12.80      9.80     11.25     12.80      7.20      7.20      3.61      5.00     21.01     35.11     33.80     70.31     80.00     56.11     40.61     32.51     25.31     15.31      7.20      2.45      2.45      6.05
 118.75  12475.01  10260.45  11809.80   4651.25   1036.80    418.61     70.31     31.25     15.31      6.05     16.20     13.61      9.80      1.25      2.45      7.20     15.31     20.00     31.25     42.05     36.45     37.81     36.45     37.81     24.20     12.80      8.45      3.61      5.00      2.45      1.25
 121.25  14204.45  10695.31   9052.51   3990.31    987.01    227.81     84.05     40.61     12.80     16.20      6.05      9.80      6.05      7.20      5.00      3.61     11.25     31.25     25.31     31.25     35.11     21.01     12.80      5.00      7.20      7.20      3.61      1.25      3.61      0.00      3.61
 123.75  14661.11  11092.05   8060.11   3471.61   1001.11    171.11     54.45     20.00      8.45      9.80     11.25      5.00     12.80      8.45     11.25      9.80     15.31     15.31     22.05     11.25     19.01      8.45     11.25      6.05      2.45      5.00      7.20      2.45      8.45      3.61      2.45
 126.25  11592.11  11737.01  11139.20   2289.80   1320.31    192.20     40.61     22.05     11.25      7.20      8.45      8.45      9.80     12.80      6.05      8.45     15.31      7.20     12.80      7.20      9.80      3.61      6.05      6.05      5.00      2.45      1.25      7.20      2.45      2.45      2.45
 128.75   8632.01  12103.20   9417.80   2892.01    644.11    154.01     92.45     11.25     16.20     13.61      5.00      6.05      8.45     16.20     13.61     12.80      7.20     13.61      8.45      7.20      5.00      1.25      7.20      0.00      2.45      6.05      7.20      1.25     11.25      9.80     11.25
 131.25   9245.00  10811.25   8820.00   3498.01    684.45    192.20     56.11     28.80      5.00      8.45     11.25     11.25     13.61     11.25     15.31     16.20     17.11     15.31     12.80      8.45      7.20      7.20      6.05      5.00      2.45      2.45      2.45     13.61     17.11     12.80      9.80
 133.75   8120.45   9790.31   9680.00   4851.61    720.00    180.00     28.80     17.11      8.45      9.80      7.20     24.20     12.80     17.11     17.11     17.11     11.25     21.01      8.45     15.31      6.05      5.00      2.45      7.20      5.00      7.20     17.11     19.01     19.01     33.80     21.01
 136.25   7392.01  10057.61  10834.51   3354.05    361.25    120.05     22.05     21.01      5.00      7.20      7.20     24.20     25.31     15.31     22.05     19.01     31.25     17.11     19.01      6.05      6.05      3.61      7.20      6.05      1.25      5.00     17.11     24.20     22.05     31.25     21.01
 138.75   7277.11  11448.11   8904.20   3225.80    702.11    135.20     19.01     11.25      9.80      9.80     12.80      9.80     22.05     11.25     12.80     33.80     33.80     42.05     19.01     15.31     11.25     11.25     12.80      5.00     12.80     20.00     11.25      8.45     26.45     17.11     20.00
 141.25   9180.61  12029.51   7239.01   3604.61    684.45     63.01     40.61     11.25      7.20      9.80      6.05     26.45     35.11     19.01     33.80     11.25     36.45     31.25     19.01      8.45     24.20     12.80     27.61      7.20     11.25     15.31      6.05     15.31      3.61     12.80     15.31
 143.75   9010.01  12700.80   7430.51   2645.00    644.11     80.00     25.31      7.20     11.25     15.31     16.20     22.05     25.31     16.20     19.01     48.05     52.81     54.45     26.45     19.01     32.51      9.80     22.05     13.61     11.25      7.20      8.45      0.00      5.00     11.25     12.80
 146.25  11688.61  14987.81  10672.20   3393.01    485.11     82.01     20.00      7.20     17.11     26.45     16.20     28.80     16.20     17.11     31.25     46.51     61.25     54.45     54.45     25.31     40.61     28.80     17.11     20.00     12.80      8.45      7.20      6.05      6.05      6.05      5.00
 148.75  15262.81  16531.25   8384.51   2010.01    423.20     78.01     22.05      7.20     12.80     17.11     28.80     25.31     24.20     15.31     27.61     66.61     88.20     52.81     49.61     56.11     56.11     28.80     22.05     13.61      8.45      5.00      7.20      8.45     12.80     11.25      9.80
 151.25  14177.81  14338.01   7353.61   2000.00    262.81     84.05     15.31     19.01     27.61     17.11     21.01     21.01     20.00     39.20     24.20     63.01     42.05     66.61     59.51     51.20     49.61     35.11     21.01      5.00      5.00     12.80      7.20      3.61      0.00      6.05      6.05
 153.75   9352.81  11376.45   7605.00   2000.00    204.80     66.61     15.31     28.80     20.00      8.45     20.00     26.45      2.45      8.45     20.00     54.45     35.11     35.11     63.01     59.51     43.51     22.05     26.45      7.20      2.45      5.00      6.05      7.20      6.05      6.05      5.00
 156.25   9614.11  11068.51   7372.80   2431.01    285.01     63.01     24.20     13.61     12.80     19.01     25.31     19.01      8.45     16.20     24.20     63.01     46.51     33.80     48.05     40.61     26.45     21.01      6.05      6.05     11.25      7.20     15.31      5.00      6.05      2.45      8.45
 158.75   9374.45  12127.81   7605.00   1312.20    348.61     74.11     25.31     16.20     31.25     22.05     25.31     26.45     17.11     17.11     32.51     30.01     24.20     30.01     39.20     19.01     11.25     16.20      7.20      3.61     11.25      5.00      7.20      6.05      2.45      3.61      7.20
 161.25   9636.05  11737.01   7334.45   1702.01    344.45     66.61     20.00     17.11     15.31     27.61     35.11     19.01     19.01     19.01     37.81     31.25     25.31     24.20     24.20     12.80     13.61      3.61      7.20      5.00      6.05      6.05      6.05      5.00      8.45      2.45      7.20
 163.75  11257.51  10626.05   7163.11   1786.05    277.51     32.51     31.25     15.31     13.61     20.00     21.01     17.11     12.80     15.31     16.20     32.51     16.20     20.00     24.20      6.05      2.45      6.05      6.05      2.45      5.00      6.05      8.45      2.45     12.80      7.20      2.45
 166.25  10237.81  10904.45   7566.05   2152.81    273.80     46.51     28.80     12.80     22.05     26.45     16.20     21.01     24.20     31.25     43.51     31.25     21.01     24.20      9.80      7.20      1.25      5.00      1.25      3.61      6.05      6.05      3.61      6.05      7.20      1.25      9.80
 168.75   8221.51  11737.01   7334.45   1843.20    245.00     31.25     17.11     24.20     24.20      7.20     17.11     22.05     16.20     28.80     45.00     37.81     32.51     20.00     13.61      6.05      8.45      2.45      5.00      3.61      2.45      5.00      7.20      7.20      2.45      3.61      5.00
 171.25   9680.00  13992.05   6480.00   1304.11    391.61     31.25     22.05     12.80     22.05     13.61     21.01     22.05     27.61     54.45     40.61     42.05     32.51     25.31      3.61      6.05      2.45      3.61      2.45      3.61      2.45      5.00      5.00      1.25      2.45      1.25      3.61
 173.75  10328.51  14688.20   6177.61   1683.61    221.11     49.61     27.61     16.20     11.25     12.80     25.31     27.61     33.80     13.61     39.20     57.80     26.45     30.01     12.80      6.05      1.25      3.61      3.61      5.00      1.25      6.05      5.00      5.00      6.05      5.00      3.61
 176.25  10557.01  14580.00   5661.61   2070.61    281.25     36.45     22.05      9.80      7.20     19.01     20.00     21.01     21.01     36.45     63.01     59.51     39.20     28.80     12.80      6.05      5.00      1.25      6.05      1.25      1.25      6.05      2.45      6.05      2.45      6.05      2.45
 178.75   9901.25  13650.31   4470.05   1593.11    245.00     35.11     24.20     24.20     24.20     20.00     12.80     27.61     15.31     32.51     70.31     40.61     21.01     15.31     19.01     15.31      1.25      2.45      2.45      6.05      3.61      2.45      2.45     11.25      2.45      5.00      7.20
 181.25   7605.00  14499.11   5899.61   1522.51    300.31     27.61     15.31     17.11     16.20     32.51      7.20     24.20     19.01     30.01     43.51     48.05     19.01     15.31     16.20      7.20      5.00      3.61      1.25      5.00      7.20      5.00      3.61      6.05      3.61      5.00      3.61
 183.75   5494.61  15125.00   6372.45   1757.81    328.05     37.81     20.00     24.20     19.01     24.20     27.61     25.31     32.51     30.01     54.45     48.05     27.61     33.80     17.11      2.45      3.61      3.61      5.00      3.61      3.61      5.00      7.20      5.00      0.00      5.00      3.61
 186.25   7840.80  16102.81   8736.20   1602.05    165.31     49.61      7.20     21.01     12.80     17.11     21.01     36.45     24.20     45.00     39.20     42.05     27.61     28.80     12.80      9.80     11.25      3.61      2.45      2.45      3.61      9.80      1.25      5.00      7.20      2.45      5.00
 188.75   6516.05  13728.80   7920.20   1720.51    288.80     57.80     12.80      9.80     20.00     15.31     20.00     21.01     27.61     28.80     48.05     54.45     24.20     30.01     19.01      2.45      5.00      2.45      5.00      0.00      8.45      8.45      6.05      1.25      3.61      2.45      3.61
 191.25   7258.05  12425.11   8040.05   1891.51    312.05     45.00     13.61     37.81     32.51     20.00     22.05     28.80     24.20     17.11     26.45     24.20     17.11     17.11     16.20     12.80     13.61      6.05      6.05      0.00      2.45      2.45      3.61      7.20      5.00      3.61      6.05
 193.75   8694.45  14124.61  10951.20   1950.31    192.20     72.20     12.80     19.01      8.45     25.31     15.31     25.31     17.11      9.80     32.51     56.11     26.45     13.61     17.11      7.20      3.61      8.45      2.45      9.80      5.00      6.05      8.45     12.80     12.80      5.00      7.20
 196.25   7605.00  16646.45   6993.80   1776.61    270.11     88.20      6.05     12.80      8.45      6.05     19.01     15.31     13.61     15.31     40.61     31.25     28.80     37.81     26.45     28.80      9.80      2.45      5.00      6.05      6.05      3.61      7.20      1.25      7.20      5.00      7.20
 198.75   6444.05  14071.51   8425.51   1786.05    316.01     56.11     22.05     16.20     17.11     19.01     36.45     17.11     13.61     15.31     26.45     30.01     46.51     42.05     46.51     27.61     25.31      8.45      3.61      7.20     11.25      7.20      7.20      6.05      3.61      3.61      7.20
 201.25   5797.01  12054.05   8384.51   1891.51    248.51     74.11     33.80     12.80     19.01     21.01     33.80     17.11     12.80     21.01     13.61     28.80     28.80     36.45     39.20     49.61     42.05     12.80     12.80      8.45      9.80     11.25      7.20     12.80      6.05      9.80      3.61
 203.75   6826.51  10857.80   6789.61   2215.51    441.80     66.61     17.11     11.25     24.20     17.11     25.31     26.45     12.80     15.31     16.20     35.11     54.45     30.01     54.45     76.05     51.20     26.45     11.25     12.80      7.20      7.20      7.20      5.00     15.31      7.20      5.00
 206.25   5934.01  11592.11   8549.11   2844.11    599.51     48.05     15.31     15.31     16.20     17.11     31.25     16.20     15.31     15.31     20.00     54.45     78.01     61.25     68.45     51.20     59.51     30.01     16.20      7.20      7.20      6.05      2.45      9.80      5.00      5.00      2.45
 208.75   5104.01  12550.05   6993.80   1814.51    387.20     64.80     19.01     13.61      8.45     13.61     15.31     19.01     36.45      9.80     33.80     32.51     48.05     88.20     45.00     32.51     42.05     39.20     22.05      8.45      7.20      6.05      1.25     11.25      6.05     13.61      9.80
 211.25   6679.51  13235.51  11907.20   2279.11    500.00    103.51     43.51     11.25     15.31     13.61     21.01     45.00     26.45     19.01     20.00     40.61    101.25     57.80     36.45     31.25     25.31     40.61     36.45      9.80     12.80      8.45      8.45      5.00      5.00      9.80     11.25
 213.75   8673.61  12928.61   9768.20   2656.51    480.20    221.11     26.45      9.80     21.01     16.20     22.05     25.31     19.01      6.05     19.01     40.61     74.11     42.05     25.31     12.80     19.01     12.80     17.11     30.01     13.61      9.80      6.05     12.80      3.61     15.31     17.11
 216.25   9526.61  13184.11   8282.45   3025.80    577.81    120.05     21.01     11.25      8.45     11.25     19.01     30.01     30.01     37.81     17.11     28.80     40.61     42.05     20.00     15.31      7.20      7.20      5.00      9.80      6.05      8.45      6.05      6.05     15.31     20.00      9.80
 218.75   8757.11  14499.11  10718.45   3740.11    851.51    148.51     28.80     11.25      3.61      6.05      6.05     15.31     17.11     27.61     17.11     17.11     35.11     28.80     17.11     11.25      6.05      7.20      5.00      6.05      7.20      3.61      8.45     15.31     19.01     28.80     25.31
 221.25   7469.11  13912.81   9990.45   3087.61    838.51    143.11     27.61     13.61      8.45      0.00     17.11     15.31     15.31     15.31     12.80     21.01     31.25     21.01     11.25      3.61      6.05      3.61      9.80      1.25      6.05      8.45     16.20     19.01     26.45     24.20     25.31
 223.75   9504.80  13468.05   8528.45   4061.25   1008.20    186.05     31.25     12.80     15.31     11.25      6.05     13.61     21.01     20.00     13.61     15.31     13.61     15.31     12.80      9.80      5.00      5.00      2.45      8.45      5.00      6.05      3.61      9.80     24.20     25.31     22.05
 226.25   9504.80  14231.11   7125.31   3276.80    465.61    189.11     40.61     22.05     11.25      3.61      6.05      8.45     12.80      5.00      7.20     15.31     12.80     25.31     11.25     11.25      7.20      5.00      2.45      2.45      1.25      1.25      6.05     13.61     11.25     16.20      6.05
 228.75  10974.61  15989.51   7663.61   3645.00   1087.81    277.51     56.11     26.45     19.01      7.20     13.61      7.20     12.80      9.80     17.11      8.45     19.01     30.01      7.20      3.61      5.00      2.45      3.61      2.45      3.61      8.45      6.05      6.05      3.61      8.45      2.45
 231.25  10718.45  17257.81   8925.31   3302.45   1280.00    273.80     74.11     20.00      7.20      9.80      8.45     13.61     20.00     13.61      8.45      7.20     19.01     15.31      8.45     11.25      5.00      7.20      3.61      7.20      0.00      6.05      3.61      6.05      2.45      8.45      3.61
 233.75  10442.45  16646.45   9223.51   3150.05    750.31    357.01     90.31     33.80     11.25      5.00      9.80      7.20     17.11      9.80      5.00      5.00      7.20     26.45     28.80     26.45     16.20     13.61     11.25      3.61      6.05      6.05      6.05      5.00      2.45      3.61      5.00
 236.25  12177.11  16216.51   9116.45   3836.45   1058.51    374.11     74.11     25.31     13.61     12.80      8.45      7.20      7.20      3.61      5.00     11.25     16.20      9.80     19.01     32.51     40.61     35.11     25.31     15.31     13.61     19.01      5.00      3.61      3.61      7.20      3.61
 238.75  13364.45  15401.25  12475.01   4089.80   1044.01    221.11     70.31     33.80     15.31     11.25     15.31     12.80      2.45      9.80      8.45     11.25     11.25      6.05     35.11     45.00     57.80     74.11     40.61     37.81     26.45     17.11      9.80      7.20      2.45      3.61      7.20
 241.25  10695.31  15070.05  14257.80   4515.01   1911.01    332.11    125.00     48.05     15.31     21.01     11.25     15.31      7.20     13.61      7.20      5.00      9.80     16.20     24.20     31.25     74.11     54.45     66.61     54.45     48.05     15.31      8.45     15.31      5.00      6.05      6.05
 243.75   9636.05  13781.25  10626.05   3251.25   2050.31    456.01    180.00     86.11     20.00     17.11     16.20     11.25     15.31     13.61      3.61      8.45     11.25     11.25      7.20     16.20     36.45     48.05     56.11     42.05     32.51     15.31      9.80      5.00      2.45      3.61      5.00
 246.25   8466.61  10974.61   9614.11   4161.61   1453.51    316.01    130.05     72.20     26.45     26.45     27.61     13.61      8.45     11.25      6.05      5.00      6.05      7.20      8.45     13.61     22.05     22.05     31.25     25.31     22.05      7.20      7.20      5.00      6.05      7.20      8.45
 248.75   8446.05  10788.01   8507.81   4485.01   1720.51    432.45    201.61    105.80     40.61     25.31      9.80     21.01     15.31     17.11      3.61      3.61      3.61      2.45     11.25      9.80      9.80     12.80     15.31     17.11     17.11      7.20     20.00      7.20      3.61      3.61      6.05
 251.25  11616.20  11568.05   9504.80   3726.45   2236.61    627.20    255.61     96.80     40.61     28.80     27.61     24.20      9.80     22.05     19.01      9.80      6.05      7.20      5.00      3.61      0.00      6.05      8.45      6.05      6.05      5.00      6.05      6.05      6.05      6.05      1.25
 253.75  12177.11  11021.51   8405.00   5184.20   1852.81    775.01    211.25    117.61     78.01     32.51     42.05     43.51     25.31     21.01     22.05      9.80      7.20      3.61      8.45      7.20      9.80      7.20      2.45      5.00     11.25      6.05      3.61      3.61      2.45      3.61      6.05
 256.25  12177.11  11233.80  10811.25   4515.01   1795.51    877.81    304.20    130.05     80.00     59.51     76.05     45.00     42.05     45.00     16.20      1.25      1.25      5.00      3.61      2.45      6.05      1.25      6.05      7.20      6.05      3.61      2.45      6.05      2.45      3.61      2.45
 258.75  12500.00  11785.51   9856.80   5527.81   2892.01    750.31    405.00    214.51    130.05     78.01     61.25    112.81     78.01     48.05     15.31      8.45      9.80      7.20      5.00      3.61      2.45      5.00      9.80      8.45      6.05      5.00      6.05      3.61      6.05      5.00      2.45
 261.25  12650.45  11448.11   7840.80   5040.31   2486.45    649.80    296.45    234.61    148.51     76.05    168.20    120.05     99.01     63.01     40.61     16.20     17.11      5.00      5.00      2.45      1.25      3.61      6.05     13.61      3.61      7.20     11.25      3.61      6.05      3.61      3.61
 263.75  12054.05  11281.25  11328.80   5248.80   2354.45    825.61    308.11    168.20    174.05    162.45     96.80    110.45     96.80     72.20     40.61     16.20      5.00      5.00      6.05      8.45      3.61      6.05     11.25     22.05     16.20     16.20     19.01     20.00     19.01      6.05      7.20
 266.25  11785.51  10649.11   7920.20   4636.01   2486.45    750.31    259.20    211.25    168.20    165.31    165.31    189.11    105.80     43.51     33.80     19.01     11.25      5.00      8.45      1.25      5.00      6.05      8.45      7.20     16.20     36.45     37.81     27.61     12.80     17.11      6.05
 268.75  15262.81  11045.00   9526.61   3524.51   2030.11    851.51    427.81    201.61    180.00     92.45    186.05    159.61    145.80    115.20     36.45     16.20     13.61     11.25     11.25      8.45      3.61      5.00      9.80      9.80     43.51     49.61     48.05     32.51     24.20     16.20     25.31
 271.25  13081.61  11931.61   9592.20   3699.20   1240.31    756.45    248.51    231.20    122.51    122.51    135.20    132.61    110.45     59.51     36.45     25.31      9.80      9.80      5.00      2.45      3.61      8.45      5.00     20.00     24.20     19.01     54.45     16.20     25.31      9.80      7.20
 273.75   9923.51  13287.01   7781.51   4004.45   1419.61    690.31    340.31    192.20    135.20     63.01     63.01    103.51    105.80     52.81     26.45      8.45      8.45      6.05     12.80      7.20      2.45      7.20      3.61      5.00     19.01     13.61     30.01      9.80     25.31      9.80     16.20
 276.25  10580.00  13807.51   6882.05   3367.01   1748.45    470.45    245.00    204.80     80.00     66.61     61.25    110.45     54.45     57.80     39.20     24.20     11.25      5.00      7.20      5.00      9.80      1.25      6.05      8.45      2.45      3.61      6.05      5.00     12.80      2.45      9.80
 278.75  11496.01  11520.00   7163.11   4190.51   1531.25    632.81    252.05    143.11     82.01     37.81    110.45     33.80     32.51     17.11     13.61      5.00      3.61     12.80      6.05      8.45      3.61      5.00      8.45      2.45     12.80      6.05      6.05      2.45      6.05      3.61      5.00
 281.25  14445.31   9768.20   8757.11   3445.31   1073.11    396.05    234.61    110.45     48.05     48.05     48.05     56.11     25.31     19.01     20.00     11.25      6.05     11.25      2.45      3.61      9.80      5.00      2.45      0.00      7.20      8.45      7.20      6.05      2.45      1.25      5.00
 283.75  15792.20   9834.61   8632.01   3604.61   1296.05    432.45    122.51     88.20     48.05     37.81     27.61     21.01     22.05     21.01     13.61      8.45      6.05      6.05      3.61      5.00      3.61      3.61      9.80      3.61      7.20      8.45      7.20      3.61      7.20      7.20      0.00
 286.25  15512.45  11664.45   5695.31   4636.01   1140.05    277.51    105.80     78.01     37.81     20.00     22.05     21.01     13.61     15.31      7.20      9.80      6.05      9.80      8.45      7.20     13.61      6.05     11.25     13.61      9.80      6.05      2.45      8.45      7.20      3.61      6.05
 288.75  13702.61  12276.01   6771.20   4176.05   1224.61    252.05     66.61     33.80      7.20     24.20     13.61     16.20      7.20      7.20      6.05     11.25      5.00      6.05      6.05      9.80     19.01     21.01     31.25     22.05     13.61     16.20      6.05      7.20      6.05      3.61      7.20
 291.25  12550.05  11045.00   7702.81   4455.11    994.05    273.80     66.61     11.25     24.20      8.45     15.31      9.80     13.61      3.61      7.20      3.61      8.45      9.80     13.61     16.20     43.51     27.61     48.05     42.05     31.25     17.11     12.80      7.20      7.20      8.45      5.00
 293.75  10465.31  10396.80   5951.25   3213.11    897.80    151.25     84.05     22.05     13.61     11.25      8.45      5.00      6.05      3.61      8.45      7.20     13.61      7.20     25.31     22.05     49.61     59.51     52.81     56.11     27.61      6.05      7.20      9.80      6.05      5.00      2.45
 296.25   9945.80   9202.05   7920.20   2856.05    924.80    248.51     39.20     22.05     20.00      2.45      3.61     13.61     11.25      5.00      3.61      8.45      9.80     20.00     19.01     27.61     61.25     59.51     46.51     36.45     32.51     28.80      7.20      7.20      5.00      3.61      3.61
 298.75  11956.05   9526.61   6516.05   3302.45    744.20    180.00     78.01     21.01      5.00     12.80      6.05      7.20      5.00      7.20      5.00      7.20     17.11     20.00     20.00     43.51     33.80     27.61     20.00     25.31     12.80     11.25      7.20      6.05      2.45      0.00      1.25
 301.25  10998.05  10811.25   7334.45   2928.20    661.25    186.05     40.61     11.25     16.20      7.20     15.31      9.80      3.61     12.80      8.45     11.25      7.20     17.11     24.20     26.45     31.25     12.80     11.25     11.25     16.20      7.20     11.25      7.20      2.45      1.25      3.61
 303.75   9614.11  11664.45   7201.01   1748.45    365.51    143.11     36.45     20.00      5.00      9.80     11.25      5.00      7.20      6.05     11.25     16.20     16.20     13.61     15.31     20.00      5.00      7.20      8.45      5.00      3.61      1.25      7.20      6.05      8.45      5.00      2.45
 306.25   8820.00  13312.80   8120.45   2387.11    423.20    110.45     40.61     15.31     16.20      6.05      7.20     11.25      8.45      7.20     13.61      9.80     12.80     15.31     13.61      7.20      6.05      5.00      3.61      8.45      1.25      3.61      3.61      7.20      5.00      1.25      3.61
 308.75   9614.11  14364.80   5611.25   1891.51    490.05     94.61     40.61      2.45      9.80      8.45      9.80     16.20      8.45     13.61     16.20     19.01     17.11      8.45      9.80     13.61      2.45      5.00      3.61     11.25      1.25      5.00      5.00      6.05      7.20      9.80      8.45
 311.25  10147.51  11956.05   5561.11   1593.11    273.80     61.25     16.20     12.80     15.31     19.01     12.80     13.61     19.01     21.01     17.11     26.45     20.00     12.80      7.20      3.61      8.45      2.45     13.61      2.45      1.25      7.20      7.20     17.11     22.05     13.61     15.31
 313.75   9879.01  11907.20   6993.80   1852.81    324.01     92.45     13.61      9.80      7.20      7.20     16.20     11.25     13.61     28.80     20.00     22.05     22.05     26.45      6.05     15.31      5.00      6.05      3.61      5.00      8.45      5.00     16.20     20.00     26.45     32.51     19.01
 316.25   9658.01  12450.05   8652.80   1505.11    214.51     72.20     25.31     16.20     12.80     13.61      9.80     17.11     11.25     20.00     26.45     16.20     21.01     28.80     12.80      7.20      6.05      7.20      6.05      6.05      3.61      6.05     13.61     19.01     21.01     20.00     12.80
 318.75  11785.51  11210.11   5814.05   1629.01    180.00     54.45     28.80     15.31      8.45      9.80     21.01     36.45     25.31     24.20     22.05     30.01     40.61     32.51     20.00      9.80     15.31     19.01      8.45      7.20      7.20      8.45     15.31      8.45     16.20     32.51      8.45
 321.25  15235.20  10834.51   5265.01   1193.51    140.45     45.00     24.20     15.31     15.31     17.11     25.31     22.05     20.00     22.05     31.25     54.45     74.11     48.05     33.80     16.20     20.00      7.20     16.20      5.00     11.25     12.80      6.05     11.25     16.20     13.61     17.11
 323.75  13598.11  12005.00   6372.45   1102.61    192.20     31.25     28.80     17.11     13.61     24.20     21.01     35.11     31.25     31.25     33.80     88.20     88.20     52.81     24.20     25.31     28.80     26.45      9.80      8.45      8.45     16.20     20.00      8.45      6.05      8.45     13.61
 326.25  13442.11  12600.20   4590.45   1036.80    145.80     40.61     17.11     17.11      6.05     26.45     36.45     26.45     31.25     12.80     49.61     68.45     92.45     43.51     45.00     54.45     36.45     22.05     19.01      7.20     11.25      6.05      2.45      5.00      6.05      2.45     12.80
 328.75  13781.25  11956.05   5985.80   1185.80    112.81     39.20     19.01     12.80     15.31     12.80     22.05     28.80     22.05     22.05     63.01     76.05     99.01     66.61     54.45     59.51     54.45     26.45     15.31      7.20      7.20     12.80     17.11      9.80      1.25      7.20      7.20
 331.25  12500.00  12550.05   5594.51   1102.61    151.25     43.51     20.00     24.20     20.00     25.31     49.61     19.01     28.80     19.01     22.05     63.01     64.80     66.61     57.80     40.61     35.11     26.45     13.61     12.80     12.80      8.45      6.05      2.45      6.05      7.20      5.00
 333.75  13624.20  12475.01   4620.80    610.51    122.51     37.81     12.80     15.31     15.31      8.45     24.20     20.00     31.25     35.11     15.31     64.80     31.25     48.05     63.01     61.25     32.51     17.11      9.80      3.61     13.61      6.05      6.05      7.20      7.20      1.25      7.20
 336.25  13442.11  11592.11   5780.00    678.61    148.51     30.01     27.61      6.05     15.31     11.25     25.31     15.31      7.20     32.51     52.81     64.80     25.31     46.51     42.05     40.61     12.80      8.45     11.25     12.80      5.00      6.05      8.45      7.20      2.45      1.25      2.45
 338.75  13992.05  11882.81   3990.31   1015.31    145.80     46.51     19.01     16.20     25.31     28.80     27.61     31.25     26.45     16.20     36.45     16.20     40.61     35.11     26.45     27.61      8.45      2.45      9.80     11.25      7.20      5.00      5.00      5.00      5.00      0.00      3.61
 341.25  11616.20  13107.20   2964.61    994.05     78.01     26.45     19.01     24.20     13.61     22.05     12.80     27.61     22.05     28.80     24.20     24.20     35.11     36.45     20.00     11.25      5.00      5.00     15.31      7.20      7.20      3.61      3.61      5.00      0.00      5.00      1.25
 343.75   9331.20  13312.80   3445.31    594.05    105.80     31.25     26.45     24.20     35.11     20.00     17.11     39.20     16.20     21.01     20.00     25.31     27.61     30.01     15.31      8.45      6.05      0.00     13.61      5.00     11.25      7.20      5.00      7.20      5.00      3.61      0.00
 346.25   9526.61  13860.11   3458.45    720.00    120.05     19.01     25.31     11.25     20.00     17.11     35.11     21.01     20.00     25.31     17.11     15.31     27.61     19.01      5.00      9.80      3.61      2.45      8.45      6.05      1.25      5.00      5.00      2.45      3.61      2.45      3.61
 348.75  11737.01  14338.01   3577.81    690.31     80.00     35.11     35.11     24.20     21.01     17.11     17.11     40.61     20.00     28.80     30.01     13.61     20.00     20.00     12.80      8.45      1.25      3.61      2.45      6.05      5.00      8.45      2.45      3.61      7.20      5.00      3.61
 351.25  13546.01  14769.61   4336.51    530.45     78.01     24.20     21.01     21.01     11.25     16.20     33.80     31.25     28.80     28.80     49.61     30.01     20.00     20.00     11.25      5.00     17.11      3.61      1.25      0.00      2.45      8.45      1.25      7.20      1.25      2.45      2.45
 353.75  13992.05  14688.20   4277.81    738.11     56.11     16.20     24.20     20.00     15.31     20.00     16.20     16.20     36.45     56.11     30.01     28.80     17.11     11.25      8.45      7.20      2.45      2.45      0.00      6.05      2.45      7.20      2.45      5.00      1.25      3.61      6.05
 356.25  15262.81  11640.31   3672.05    851.51     74.11     20.00     12.80     20.00     20.00     17.11     28.80     31.25     22.05     32.51     42.05     27.61     22.05     20.00      6.05      7.20      1.25      2.45      2.45      3.61      3.61      8.45      2.45      3.61      1.25      8.45      5.00
 358.75  12425.11  11424.20   4219.51    561.80    103.51     16.20      8.45     22.05     16.20     13.61     20.00     21.01     28.80     26.45     40.61     31.25     26.45     17.11     12.80      0.00      6.05      7.20      2.45      6.05      6.05      2.45      8.45      2.45      1.25      8.45      6.05
