File:		X:\David\Freiberg\NiR700-111\XpertData\n70111c.rw1
Sample:	DG-NiWR-700°C/1h
Created:	21-Jul-2006 21:30
Type:		Raw pole figure
Origin:	Exported by X'Pert SW; hkl:1 1 1        

Goniometer radius (mm):	320
Sample stage:			Other
Receiving slit (mm):		1.00
Divergence slit (mm):	0.00
Distance focus mask (mm):	145
X-ray tube anode:	Unknown
Tube focus:		Generator (kV):	
Generator (kV):	40
Generator (mA):	40
Wavelength (A):	1.5406

	 Start    End   Step
Psi:	  0.00  75.00   2.50
Phi:	  0.00 360.00   2.50

hkl:			1 1 1

2Theta (°):		44.0830
Time per step (s):	0.80
Sample oscillation (mm):	0

Phi\Psi     0.00     2.50     5.00     7.50    10.00    12.50    15.00    17.50    20.00    22.50    25.00    27.50    30.00    32.50    35.00    37.50    40.00    42.50    45.00    47.50    50.00    52.50    55.00    57.50    60.00    62.50    65.00    67.50    70.00    72.50    75.00
   1.25     2.45     2.45     7.20     3.61     5.00    17.11    24.20    51.20    96.80    90.31    28.80    20.00    26.45    22.05    13.61    20.00    32.51    19.01    21.01     6.05     8.45     8.45     5.00     7.20     6.05     5.00     3.61     9.80    16.20     8.45    12.80
   3.75     5.00     1.25     7.20     8.45     7.20    16.20    40.61    72.20    63.01   110.45    63.01    17.11    17.11    39.20    25.31    12.80    46.51    36.45    19.01    12.80     7.20     1.25     2.45     7.20     5.00    21.01     5.00     8.45    12.80    15.31    28.80
   6.25     3.61     6.05     2.45     6.05     9.80    21.01    54.45    63.01    63.01   112.81    76.05    24.20    17.11    21.01    24.20    30.01    46.51    12.80    16.20    15.31     2.45     2.45    13.61     6.05     7.20     7.20     6.05     9.80     7.20     9.80    16.20
   8.75     6.05     6.05     6.05     7.20    13.61    20.00    39.20    45.00    80.00   110.45    48.05    30.01    22.05    35.11    40.61    28.80    45.00    21.01    16.20     9.80     6.05     3.61     5.00     6.05     3.61     5.00     7.20     8.45     8.45     7.20    13.61
  11.25     6.05     5.00     6.05     8.45    11.25    12.80    22.05    78.01    92.45    99.01    63.01    35.11    31.25    46.51    63.01    70.31    57.80    27.61    26.45    17.11     9.80     3.61    11.25     8.45    12.80     6.05     9.80     7.20    15.31    12.80    11.25
  13.75     3.61     5.00     5.00     1.25    12.80    17.11    27.61    46.51    92.45    84.05    57.80    30.01    26.45    43.51    43.51    72.20   103.51    63.01    24.20    12.80     9.80     7.20     8.45     9.80     6.05     6.05    13.61     5.00    12.80     7.20     9.80
  16.25     5.00     2.45     1.25     7.20    13.61    16.20    32.51    64.80    74.11    82.01    57.80    31.25    27.61    32.51    56.11    96.80   132.61    54.45    33.80     8.45    22.05     7.20     9.80     6.05    11.25    11.25    15.31     9.80    13.61     6.05    13.61
  18.75     3.61     3.61     3.61     6.05    13.61    25.31    48.05    56.11    63.01    59.51    66.61    51.20    30.01    26.45    68.45   151.25   117.61    74.11    43.51    21.01    22.05     5.00    17.11     2.45     6.05    13.61     9.80     7.20     3.61     7.20    13.61
  21.25     1.25     9.80     2.45    13.61    15.31    21.01    42.05    54.45    49.61    70.31    36.45    42.05    42.05    17.11    51.20    90.31   266.45   192.20    46.51    19.01     6.05    16.20     9.80     8.45     5.00     7.20     5.00     8.45    11.25    16.20     8.45
  23.75     6.05     5.00     2.45     2.45    12.80    25.31    37.81    49.61    40.61    52.81    40.61    33.80    22.05    22.05    64.80   171.11   204.80   195.31    94.61    48.05    31.25     9.80    15.31    11.25    12.80     9.80    12.80     8.45    11.25     5.00     5.00
  26.25     2.45     2.45     5.00     2.45     6.05    15.31    32.51    43.51    36.45    28.80    54.45    28.80    20.00    59.51    54.45    48.05   168.20   120.05   110.45    72.20    15.31     7.20    17.11     7.20     9.80    11.25     6.05     9.80    12.80    15.31     9.80
  28.75     5.00     2.45     3.61     8.45     6.05    12.80    49.61    66.61    54.45    43.51    35.11    27.61    24.20    25.31    46.51    51.20    84.05   195.31   130.05    86.11    45.00    66.61    39.20    12.80    16.20    21.01     8.45     9.80    13.61     9.80    13.61
  31.25     5.00     2.45     3.61     7.20     8.45     8.45    33.80    45.00    43.51    78.01    40.61    35.11    26.45    20.00    16.20    37.81    70.31    84.05   122.51   168.20   108.11    96.80    48.05    16.20    24.20     6.05    13.61    13.61     8.45     8.45     7.20
  33.75     5.00     3.61     3.61     3.61     9.80    20.00    36.45    66.61    36.45    36.45    42.05    61.25    16.20    16.20    22.05    37.81    84.05   120.05   195.31   227.81   300.31   292.61   156.80    82.01    35.11    30.01    11.25     7.20     9.80     7.20     8.45
  36.25     1.25     5.00     6.05     7.20    11.25    13.61    31.25    57.80    63.01    88.20    40.61    35.11    27.61    22.05    19.01    36.45    46.51    63.01   186.05   387.20   644.11   714.01   427.81   217.80    96.80    27.61    24.20    13.61    11.25     6.05    15.31
  38.75     3.61     3.61    11.25    11.25     8.45    17.11    39.20    63.01    82.01    66.61    48.05    36.45    16.20     7.20    15.31    27.61    16.20    66.61   180.00   605.00  1394.45  2020.05  1920.80  1058.51   292.61    84.05    33.80     7.20    11.25     6.05     9.80
  41.25     5.00     5.00     5.00     5.00    13.61    27.61    27.61    56.11    48.05    54.45    31.25    24.20    24.20    15.31    17.11    20.00    37.81    45.00   140.45   567.11  1729.80  4307.11  3976.20  3878.11  1178.11   277.51    56.11    21.01    16.20     9.80    12.80
  43.75     1.25     8.45     6.05     8.45    13.61    12.80    31.25    57.80    68.45    51.20    63.01    48.05    45.00    19.01    13.61     9.80    20.00    37.81    94.61   414.05  1386.11  3753.80  5951.25  5184.20  2464.20   750.31   174.05    66.61    30.01    19.01    17.11
  46.25     1.25     2.45     2.45     5.00     8.45    15.31    30.01    49.61    74.11    63.01    66.61    36.45    31.25    24.20    24.20    15.31    24.20    16.20    64.80   168.20   610.51  1920.80  4205.00  3564.45  2173.61   720.00   312.05    70.31    46.51    24.20     6.05
  48.75     1.25     3.61     8.45     3.61    12.80     8.45    30.01    56.11    52.81    51.20    36.45    78.01    51.20    26.45    19.01    22.05    16.20    17.11    35.11   108.11   221.11   655.51  1110.05  1593.11  1147.61   520.20   221.11    78.01    57.80    31.25    28.80
  51.25     5.00     3.61     3.61     8.45     7.20    17.11    20.00    33.80    52.81    54.45    45.00    43.51    33.80    63.01    27.61     7.20     7.20    12.80    21.01    37.81   110.45   204.80   217.80   451.25   340.31   308.11   117.61    66.61    33.80    56.11    36.45
  53.75     2.45     3.61     2.45     6.05     9.80    16.20    17.11    35.11    39.20    61.25    49.61    36.45    54.45    39.20    25.31    22.05    15.31    13.61    15.31    19.01    40.61    61.25    94.61   103.51   105.80    68.45    61.25    36.45    39.20    30.01    32.51
  56.25     3.61     7.20     5.00     3.61     9.80     9.80    20.00    22.05    20.00    40.61    27.61    27.61    28.80    36.45    40.61    24.20     9.80     8.45     9.80    20.00    20.00    32.51    16.20    36.45    33.80    25.31    28.80    16.20    37.81    20.00    28.80
  58.75     8.45     3.61     3.61     2.45     9.80    11.25    21.01    12.80    33.80    37.81    30.01    21.01    24.20    24.20    27.61    17.11    12.80    15.31    19.01    20.00     6.05    15.31    12.80    24.20    12.80    26.45    13.61    17.11    26.45    22.05    17.11
  61.25     2.45     9.80     1.25     8.45     6.05     8.45    12.80    11.25    15.31    33.80    32.51    32.51    28.80    35.11    48.05    12.80    21.01    15.31    11.25    12.80    21.01     6.05     8.45    13.61    21.01    11.25    12.80     9.80    15.31    15.31     8.45
  63.75     5.00     8.45     6.05     5.00     9.80     3.61    12.80    13.61    20.00    30.01    21.01    24.20    21.01    26.45    37.81    13.61    19.01    15.31    11.25    16.20     2.45     6.05     6.05     8.45     6.05     6.05     7.20     9.80    11.25    11.25     6.05
  66.25     5.00     3.61     2.45     8.45     5.00     8.45     3.61     5.00     9.80    13.61     9.80    13.61    17.11    32.51    17.11    21.01    19.01    12.80    26.45    20.00    16.20     8.45    11.25     9.80     7.20     7.20     7.20    11.25     7.20     8.45    11.25
  68.75     3.61     6.05     3.61     8.45     6.05     7.20     3.61    13.61    12.80    13.61    17.11    15.31     8.45     7.20    13.61    25.31    19.01    13.61    49.61    33.80    16.20    21.01     6.05    13.61     8.45     7.20     5.00     8.45     6.05     9.80     8.45
  71.25     3.61     5.00     6.05     3.61     3.61     3.61    11.25     2.45     7.20    11.25    13.61     8.45     9.80    12.80    13.61    20.00    31.25    17.11     7.20    30.01    33.80    21.01    13.61    19.01    13.61    16.20    11.25     6.05     5.00    12.80     8.45
  73.75     5.00     1.25     5.00     5.00    12.80    12.80     2.45     3.61     8.45     7.20     7.20     5.00     9.80     8.45     9.80     6.05    25.31    27.61    16.20    36.45    24.20    31.25    17.11    15.31    13.61    12.80    19.01    12.80    17.11    11.25     8.45
  76.25     1.25     7.20     3.61     6.05     5.00     2.45     8.45     7.20     6.05     3.61     7.20     9.80     1.25    12.80     9.80     5.00     8.45    20.00    24.20    48.05    20.00    28.80    13.61    26.45     9.80     8.45    13.61    22.05    35.11    21.01    22.05
  78.75     6.05     2.45     6.05     7.20     3.61     6.05     7.20    11.25     5.00     6.05     6.05     7.20     7.20     3.61     5.00     6.05    17.11    16.20    19.01    22.05    17.11    27.61    26.45     8.45    20.00    11.25    13.61    17.11    31.25    40.61    22.05
  81.25     2.45     5.00     5.00     5.00     0.00     3.61     3.61     5.00     9.80     7.20     2.45     8.45     2.45     8.45     8.45     9.80     9.80    16.20    25.31    33.80    37.81    15.31     7.20    13.61    15.31    13.61    11.25    15.31    30.01    31.25    31.25
  83.75     3.61     3.61     6.05     8.45     9.80     6.05    11.25     7.20     6.05     5.00     7.20     6.05     6.05     8.45     7.20    13.61    16.20    26.45    21.01    19.01    36.45    17.11    12.80    17.11    12.80     9.80    21.01    12.80    25.31    26.45    20.00
  86.25     6.05     1.25     5.00     8.45     6.05     6.05     7.20     5.00     3.61     3.61     5.00     3.61     1.25     1.25     9.80     8.45    11.25    13.61    17.11    22.05    25.31    17.11     9.80    17.11     9.80    22.05     1.25     5.00    15.31    17.11    21.01
  88.75    13.61     9.80     3.61     6.05     5.00     2.45     6.05     5.00     2.45     5.00     3.61     2.45     7.20     1.25     5.00     7.20     8.45    24.20     8.45    12.80    17.11    27.61    24.20    15.31    11.25     3.61    17.11     7.20    19.01    13.61    21.01
  91.25     3.61     2.45     1.25     8.45     3.61     3.61     1.25     5.00     3.61     1.25    19.01     3.61     3.61     8.45     3.61     6.05    19.01    30.01    20.00     7.20    19.01     9.80    12.80    13.61     6.05    11.25    12.80     5.00    15.31    15.31    16.20
  93.75     3.61     6.05     5.00     3.61     6.05     1.25     6.05     7.20     7.20     5.00     2.45     3.61     5.00     2.45     3.61     9.80    27.61    33.80    26.45    20.00    28.80    27.61    17.11    22.05     8.45    15.31     6.05    26.45     9.80    20.00    16.20
  96.25     5.00     2.45     7.20     9.80     2.45     9.80     2.45     3.61     7.20     6.05     5.00     5.00     3.61     2.45     5.00     7.20    24.20    17.11    40.61    19.01    26.45    20.00    19.01    25.31    21.01    13.61     2.45     8.45    32.51    17.11    17.11
  98.75     2.45     2.45     3.61     5.00     3.61     5.00     3.61     2.45     8.45     6.05     5.00     3.61     6.05    11.25     8.45     7.20    11.25    22.05    26.45    28.80    21.01    25.31    25.31    12.80    17.11     9.80    15.31    22.05    20.00    21.01    15.31
 101.25     3.61     1.25     5.00     3.61     8.45     5.00     6.05     3.61     2.45     8.45     2.45     7.20     1.25     9.80     7.20     9.80    24.20    16.20    31.25    24.20    33.80    30.01    16.20    20.00    16.20     5.00    12.80    31.25    21.01     9.80    24.20
 103.75     6.05     2.45     3.61     3.61     9.80     3.61     6.05     1.25     9.80     8.45     2.45     5.00     7.20     5.00     6.05    25.31     8.45    16.20    40.61    39.20    43.51    24.20    12.80     8.45    11.25    13.61    25.31    15.31    20.00     6.05    12.80
 106.25     1.25     3.61     5.00     1.25     6.05     5.00     2.45    11.25    11.25     7.20     5.00     9.80     6.05     6.05     7.20    11.25    17.11    21.01    24.20    40.61    19.01    21.01    16.20     7.20    13.61    16.20    21.01    12.80    13.61     7.20     6.05
 108.75     1.25     2.45     1.25     3.61     9.80     6.05     5.00     7.20     8.45    16.20    12.80    12.80    11.25     6.05     9.80    11.25    24.20    22.05    28.80    11.25    20.00    15.31     8.45    16.20    11.25    15.31    12.80    17.11     5.00     5.00     5.00
 111.25     5.00     5.00     2.45     6.05     2.45     5.00     6.05     5.00     8.45     6.05    12.80    25.31    16.20     8.45     8.45    15.31    20.00    24.20    21.01    17.11    17.11     6.05    15.31     8.45    12.80     7.20    13.61     3.61     2.45     3.61     9.80
 113.75     3.61     3.61     1.25     7.20     5.00     3.61     6.05    11.25    16.20     9.80    13.61    15.31    13.61    12.80    25.31    11.25    17.11    20.00    19.01    11.25    13.61     8.45     7.20    12.80    13.61    13.61     3.61     6.05    11.25     9.80     2.45
 116.25     6.05     2.45     3.61     3.61     2.45    11.25     7.20    17.11    12.80    19.01    19.01    16.20    17.11    22.05    16.20    21.01    13.61    20.00     5.00    12.80    15.31     2.45     5.00    20.00    15.31    15.31     6.05     8.45     7.20    11.25     5.00
 118.75     7.20     8.45     7.20     2.45     2.45     2.45     2.45    17.11    22.05    15.31    27.61    33.80     8.45    16.20    12.80    15.31    28.80    27.61     9.80     8.45    17.11    12.80    12.80    24.20    17.11     8.45     8.45    12.80    12.80    13.61    12.80
 121.25     0.00     5.00     5.00     7.20     5.00     2.45    17.11    12.80    16.20    37.81    26.45    40.61    26.45    22.05    13.61    26.45    36.45    17.11    25.31    11.25    21.01    11.25    26.45    26.45    39.20    25.31    12.80    15.31    13.61    16.20    24.20
 123.75     6.05     5.00     5.00     3.61     6.05     5.00     7.20    12.80    20.00    36.45    63.01    22.05    40.61    36.45    22.05    25.31    11.25    16.20    17.11    21.01    28.80    31.25    70.31   103.51    82.01    59.51    68.45    39.20    25.31    32.51    39.20
 126.25     3.61     2.45     3.61     3.61     6.05     1.25    11.25    30.01    25.31    59.51    45.00    46.51    46.51    36.45    31.25    12.80    19.01    21.01    22.05    37.81    48.05   132.61   231.20   340.31   460.80   248.51    94.61    90.31    40.61    66.61    39.20
 128.75     8.45     1.25     7.20     1.25     5.00     9.80    25.31    32.51    33.80    84.05    46.51    35.11    32.51    27.61    32.51    12.80    17.11    15.31    35.11    82.01   162.45   332.11   884.45  1729.80  1513.80   806.45   352.80    88.20    42.05    27.61    31.25
 131.25     1.25     2.45     8.45     3.61     5.00     3.61    16.20    24.20    52.81    78.01    43.51    42.05    28.80    28.80    20.00    21.01     9.80    48.05    40.61   117.61   490.05  1377.80  3238.51  4882.81  3341.11  1453.51   361.25   105.80    52.81    28.80    30.01
 133.75     2.45     7.20     2.45     3.61     6.05     5.00    11.25    28.80    64.80    74.11    45.00    33.80    28.80    12.80    27.61    24.20    16.20    33.80    54.45   234.61   897.80  2679.61  5780.00  6072.61  3892.05  1296.05   316.01    92.45    27.61    13.61     9.80
 136.25     3.61     3.61     5.00     5.00     7.20     5.00    25.31    39.20    54.45    68.45    70.31    56.11    22.05    33.80    15.31    15.31    21.01    43.51    94.61   285.01  1193.51  3200.45  4867.20  4018.61  1665.31   495.01   112.81    32.51    12.80    15.31     8.45
 138.75     6.05     5.00     5.00     1.25     5.00    16.20    24.20    45.00    80.00    72.20    59.51    35.11    25.31    11.25     9.80    19.01    15.31    54.45    96.80   365.51   994.05  1767.20  2050.31  1240.31   382.81   105.80    35.11    39.20     6.05     9.80    12.80
 141.25     8.45     9.80     7.20     6.05    11.25    11.25    15.31    48.05    74.11    51.20    27.61    32.51    12.80    21.01     6.05    19.01    35.11    49.61   130.05   300.31   520.20   655.51   418.61   270.11   112.81    33.80    21.01     7.20     3.61     7.20     2.45
 143.75     3.61    16.20     2.45     1.25     7.20    13.61    28.80    48.05    54.45    63.01    33.80    33.80    19.01    17.11    12.80    25.31    48.05    82.01   127.51   204.80   227.81   252.05   154.01    74.11    42.05    24.20     6.05     6.05     6.05     6.05     6.05
 146.25     8.45     7.20     9.80     1.25     6.05     9.80    25.31    52.81    63.01    31.25    51.20    31.25    21.01    15.31    24.20    42.05    70.31    90.31   101.25   154.01    94.61    64.80    30.01    25.31    19.01     8.45     8.45     6.05     9.80     8.45     6.05
 148.75     5.00     5.00    11.25     8.45     7.20    12.80    21.01    45.00    45.00    56.11    37.81    25.31    27.61    24.20    21.01    63.01    88.20   156.80   110.45    76.05    37.81    36.45    17.11    15.31     9.80    11.25    11.25     5.00     6.05     8.45     7.20
 151.25     7.20     5.00     7.20     5.00     3.61     9.80    22.05    54.45    63.01    68.45    48.05    52.81    28.80    21.01    20.00    78.01   105.80   117.61    82.01    48.05    28.80    21.01    16.20    15.31     9.80    11.25     8.45     7.20     7.20     5.00    13.61
 153.75     1.25     3.61     5.00     7.20     9.80     9.80    22.05    40.61    56.11    42.05    45.00    46.51    20.00    32.51    37.81    56.11   171.11   154.01    84.05    27.61    15.31     9.80     6.05     5.00    16.20     7.20     7.20     3.61     3.61    11.25     8.45
 156.25     5.00     5.00     1.25    11.25     7.20     8.45    19.01    54.45    52.81    74.11    35.11    45.00    26.45    26.45    35.11    72.20   115.20   156.80    45.00    43.51    11.25     8.45     3.61     8.45    15.31    11.25    15.31     8.45    12.80    17.11     8.45
 158.75     7.20     1.25     8.45     7.20     8.45     9.80    36.45    49.61    59.51    84.05    61.25    54.45    20.00    26.45    46.51    96.80   103.51    66.61    36.45    13.61    21.01    15.31     1.25     7.20     9.80     6.05     6.05     7.20    12.80    19.01     6.05
 161.25     5.00     1.25     6.05     5.00     2.45    12.80    24.20    49.61    96.80    74.11    59.51    42.05    17.11    52.81    70.31    48.05   101.25    54.45    42.05     2.45     3.61     8.45     5.00     2.45     5.00    15.31     3.61     5.00     8.45    12.80    12.80
 163.75     5.00     5.00     2.45     8.45    12.80    19.01    28.80    42.05    51.20    70.31   110.45    35.11    26.45    25.31    46.51    54.45    74.11    66.61     6.05    19.01     6.05     5.00     2.45     7.20     9.80     7.20     7.20     7.20     9.80     6.05    13.61
 166.25     2.45     2.45     6.05     6.05     6.05    12.80    27.61    45.00    54.45    72.20    78.01    36.45    25.31    39.20    25.31    49.61    46.51    40.61     9.80    19.01     5.00     5.00     5.00     3.61    17.11     5.00     8.45    15.31     5.00    11.25    13.61
 168.75     3.61     7.20     0.00    12.80     9.80    17.11    17.11    30.01    82.01    90.31    63.01    35.11    37.81    25.31    19.01    20.00    35.11    19.01    17.11    11.25    12.80     3.61     5.00    11.25     6.05    12.80     5.00    11.25     9.80     7.20     9.80
 171.25     8.45     2.45     5.00     7.20     5.00    13.61    35.11    35.11    46.51    76.05    54.45    33.80    22.05    24.20    21.01    43.51    36.45    30.01    30.01    11.25    15.31     6.05     7.20     7.20     9.80     6.05     5.00     6.05    19.01    12.80    20.00
 173.75     5.00     7.20     5.00     2.45     8.45    16.20    33.80    33.80    59.51   105.80    76.05    27.61    20.00    13.61    20.00    27.61    19.01    13.61    16.20    20.00     6.05     5.00     9.80     2.45     1.25     7.20     8.45     7.20     9.80    15.31     6.05
 176.25     7.20     2.45     3.61     1.25    13.61    20.00    27.61    25.31    94.61   115.20    51.20    15.31    15.31    16.20    19.01     8.45    15.31    19.01    16.20    17.11    24.20    15.31    12.80     3.61     6.05    12.80     6.05    17.11    15.31    15.31    17.11
 178.75     6.05     9.80     1.25     8.45    12.80    22.05    11.25    20.00    84.05    59.51    51.20    20.00     5.00    15.31    12.80    21.01     9.80    12.80    15.31    40.61    12.80    20.00    12.80    11.25     9.80     6.05     7.20     8.45     5.00     8.45    30.01
 181.25     8.45    11.25     6.05     5.00    15.31    12.80    17.11    35.11    52.81    78.01    88.20    15.31    12.80    28.80    22.05     8.45    16.20    21.01    12.80    11.25    12.80     5.00     3.61     2.45     7.20    11.25    15.31     8.45    21.01     9.80     7.20
 183.75     6.05     6.05     3.61     2.45    12.80    11.25    22.05    56.11    51.20    88.20    74.11    28.80    13.61    17.11    11.25    13.61    27.61     7.20    15.31     8.45    12.80    12.80    19.01    12.80     2.45     9.80    11.25    12.80     7.20     9.80    12.80
 186.25     0.00     1.25     6.05     5.00     5.00    12.80    24.20    27.61    59.51    96.80    54.45    20.00    33.80    17.11    16.20    37.81    15.31    19.01     9.80    11.25     8.45     6.05     5.00    15.31     5.00     9.80     9.80    13.61     7.20     9.80     8.45
 188.75     2.45     6.05     1.25     9.80     8.45    15.31    37.81    32.51   110.45   108.11    59.51    30.01    25.31    21.01    54.45    26.45    28.80    22.05     5.00     2.45    16.20     9.80     9.80    15.31     7.20     6.05    12.80    11.25    12.80    13.61    13.61
 191.25     3.61     6.05     2.45     3.61     7.20     7.20    16.20    39.20    49.61   103.51    86.11    45.00    27.61    22.05    40.61    70.31    32.51    28.80     7.20     8.45    13.61     1.25    15.31    12.80     9.80     8.45    11.25    15.31    15.31    13.61    13.61
 193.75     8.45     7.20     7.20     3.61     5.00     9.80    12.80    35.11    84.05    74.11    70.31    49.61    37.81    35.11    39.20    74.11    63.01    30.01    24.20     8.45     6.05     9.80     2.45     6.05     9.80    12.80     7.20     8.45    11.25    11.25    12.80
 196.25     5.00     3.61     6.05     6.05    12.80     6.05    33.80    46.51    43.51    63.01    68.45    42.05    22.05    39.20    59.51    94.61    64.80    92.45    20.00    13.61     9.80    16.20    16.20     5.00     2.45    11.25     8.45    12.80    17.11    19.01     9.80
 198.75     1.25     0.00     2.45     3.61     8.45    19.01    17.11    49.61    78.01    70.31    51.20    42.05    19.01    48.05    28.80   108.11    99.01   125.00    30.01    12.80     8.45     6.05    12.80    12.80    11.25     7.20     7.20     8.45    13.61    11.25     9.80
 201.25     5.00     5.00     6.05     7.20     9.80    12.80    36.45    48.05    76.05    51.20    36.45    32.51    27.61    28.80    57.80    82.01   127.51   145.80    70.31    15.31     9.80     7.20     8.45    11.25     9.80     8.45     3.61     9.80    11.25    11.25    11.25
 203.75     6.05     6.05     6.05     8.45     5.00    12.80    28.80    59.51    39.20    76.05    70.31    40.61    24.20    42.05    40.61    54.45   204.80    94.61   125.00    36.45    19.01    11.25     7.20    13.61     6.05     9.80    15.31     3.61     8.45    11.25    19.01
 206.25     5.00     3.61     2.45     7.20    11.25    16.20    43.51    43.51    54.45    52.81    35.11    33.80    33.80    20.00    24.20    66.61   120.05    99.01   168.20    61.25    31.25    20.00    17.11    17.11     9.80    11.25    13.61     6.05     5.00    11.25    11.25
 208.75     7.20     7.20     7.20     8.45    11.25     8.45    36.45    51.20    51.20    57.80    48.05    36.45    27.61    27.61    27.61    16.20    64.80   143.11   127.51    99.01    61.25    40.61    40.61    35.11    25.31    11.25    17.11    11.25     6.05    12.80    16.20
 211.25     5.00     5.00     5.00     5.00     9.80    17.11    28.80    66.61    59.51    48.05    54.45    31.25    28.80    15.31    15.31    24.20    49.61   156.80   103.51    99.01    94.61    78.01    76.05    39.20    19.01    28.80    15.31     8.45    11.25    13.61    11.25
 213.75     5.00    12.80     5.00     5.00     5.00     6.05    30.01    43.51    70.31    37.81    59.51    26.45    22.05    16.20    16.20    24.20    42.05   110.45   122.51   201.61   174.05   198.45   221.11   110.45    40.61    40.61    20.00    13.61    19.01    12.80     6.05
 216.25     1.25     5.00     2.45     3.61     5.00    13.61    25.31    40.61    59.51    56.11    45.00    40.61    28.80    30.01    13.61    12.80    17.11    82.01   110.45   357.01   638.45   891.11  1001.11   456.01   125.00    64.80    30.01    16.20    19.01     9.80     3.61
 218.75     2.45     6.05     6.05     3.61     3.61     9.80    12.80    59.51    51.20    63.01    37.81    54.45    36.45    19.01    12.80    17.11    25.31    45.00   148.51   396.05  1155.20  1960.20  2464.20  1674.45   678.61   171.11    43.51    24.20    17.11    15.31    12.80
 221.25     6.05     9.80     5.00     6.05     8.45    12.80    20.00    54.45    74.11    43.51    40.61    26.45    31.25     7.20    20.00     9.80    40.61    40.61    90.31   344.45   966.05  3458.45  5024.45  4545.11  2354.45   720.00   151.25    40.61    17.11    19.01    12.80
 223.75     2.45     6.05     1.25     8.45     3.61     5.00    16.20    40.61    70.31    68.45    63.01    42.05    28.80    15.31    21.01    20.00    28.80    49.61    46.51   137.81   851.51  2376.20  5184.20  5248.80  3753.80  1201.25   374.11    72.20    35.11    15.31    11.25
 226.25     5.00     7.20     2.45     6.05     7.20     8.45    16.20    37.81    63.01    74.11    40.61    27.61    37.81    30.01     9.80    15.31     9.80    15.31    35.11   151.25   292.61   952.20  2268.45  3445.31  2737.80  1080.45   382.81   110.45    30.01    21.01    17.11
 228.75     1.25     7.20     9.80     3.61     6.05     7.20    15.31    37.81    51.20    59.51    57.80    37.81    40.61    26.45    31.25    21.01    13.61    22.05    17.11    36.45   125.00   252.05   621.61   918.01   858.05   556.51   234.61    66.61    43.51    40.61    32.51
 231.25     3.61     6.05     6.05     1.25     6.05     5.00    15.31    22.05    28.80    42.05    45.00    22.05    39.20    12.80    31.25    36.45     8.45    13.61    22.05    37.81    54.45    46.51   110.45   180.00   186.05   115.20    88.20    49.61    45.00    30.01    40.61
 233.75     3.61     2.45     3.61     5.00     6.05     6.05     6.05    21.01    24.20    27.61    37.81    33.80    27.61    33.80    22.05    31.25    16.20    11.25     9.80    13.61    25.31    26.45    57.80    54.45    49.61    57.80    35.11    12.80    28.80    26.45    24.20
 236.25     5.00     1.25     1.25     5.00     2.45     7.20    13.61    16.20    22.05    25.31    32.51    22.05    11.25    15.31    17.11    22.05    24.20    19.01    21.01    19.01    28.80    25.31     9.80    35.11    27.61    16.20     8.45    20.00    13.61    27.61    16.20
 238.75     6.05     5.00     7.20     1.25     3.61     3.61     7.20    13.61    21.01    19.01    27.61    33.80    25.31    22.05    22.05    21.01    22.05     8.45    13.61     6.05    17.11    12.80    25.31     9.80    21.01    13.61     7.20    17.11    12.80    11.25     7.20
 241.25     3.61     5.00     2.45     3.61     8.45     6.05     8.45    12.80    16.20    19.01    24.20    17.11    13.61     7.20    21.01    12.80    17.11    16.20    12.80    12.80     5.00     9.80     3.61     8.45    15.31    12.80     9.80    12.80    11.25     6.05     2.45
 243.75     2.45     2.45     3.61     8.45     8.45     5.00     6.05     9.80     6.05    22.05    12.80    11.25    20.00    19.01    21.01     5.00    22.05    13.61    20.00    12.80     5.00     9.80     5.00    12.80     7.20    12.80     8.45     6.05    13.61     2.45     6.05
 246.25     5.00     2.45     6.05     2.45     9.80     6.05    12.80     8.45     7.20     9.80    17.11     9.80     8.45    12.80    20.00    22.05     9.80     9.80    25.31    20.00    16.20     8.45    11.25     8.45     7.20    12.80    25.31    11.25     6.05     9.80    16.20
 248.75     3.61     0.00     3.61     8.45     3.61     2.45     2.45     3.61     6.05     8.45     6.05     6.05     7.20     8.45    17.11    17.11    15.31    21.01    17.11    21.01    13.61    17.11     8.45    13.61    16.20    13.61     8.45     9.80    15.31    11.25     9.80
 251.25     3.61     2.45     6.05     6.05     5.00     9.80     9.80     5.00     9.80    11.25     6.05     8.45    12.80     3.61    17.11    12.80    13.61    15.31    32.51    17.11    19.01    17.11    31.25     8.45    27.61     8.45    22.05    15.31     8.45    11.25     2.45
 253.75     1.25    12.80     8.45     8.45     8.45     5.00     2.45    15.31     5.00     3.61     7.20    16.20     9.80     7.20     3.61     8.45    11.25    11.25    28.80    20.00    42.05    25.31    31.25    19.01    12.80    11.25    17.11    27.61    28.80    16.20    16.20
 256.25     5.00     3.61     5.00     8.45     3.61     6.05     3.61     5.00     7.20     3.61     6.05     3.61     2.45     9.80     5.00    12.80    15.31    20.00    24.20    59.51    25.31    20.00    19.01     9.80    15.31    16.20    16.20    26.45    26.45    26.45    26.45
 258.75     5.00     6.05     3.61     0.00     3.61     6.05     8.45     2.45     6.05     1.25     7.20     7.20     5.00     6.05     6.05    13.61    17.11    17.11    21.01    43.51    28.80    27.61    48.05    16.20    16.20    21.01    20.00    22.05    24.20    22.05    21.01
 261.25     3.61     3.61     6.05     1.25     6.05     9.80     2.45    11.25     3.61     3.61     2.45     8.45     3.61     2.45     8.45    11.25    15.31    37.81    40.61    33.80    48.05    43.51     9.80    16.20     6.05    19.01    22.05    19.01    30.01    21.01    12.80
 263.75     3.61     5.00     2.45     3.61     5.00     7.20    12.80    12.80     8.45     5.00     7.20     2.45     3.61     5.00     3.61     7.20    16.20    20.00    25.31    24.20    22.05    26.45    15.31    17.11    21.01    12.80    26.45    13.61    30.01    21.01    17.11
 266.25     1.25     3.61     3.61     2.45     6.05     7.20     7.20     3.61     3.61     9.80     5.00     1.25     5.00     0.00     2.45    12.80     8.45    25.31    26.45    22.05    16.20    12.80    13.61    45.00    13.61    21.01    13.61    16.20    12.80    11.25    25.31
 268.75     8.45     7.20     1.25     9.80     5.00     5.00    12.80     8.45     7.20     7.20     3.61     7.20     5.00     8.45     2.45     8.45    17.11    25.31    19.01    26.45    15.31    12.80    12.80    21.01    17.11     9.80    13.61     8.45    13.61    25.31    20.00
 271.25     1.25     2.45     2.45     9.80     5.00     8.45    12.80     5.00     2.45     1.25     6.05     2.45     2.45     7.20     8.45     2.45     9.80     9.80    25.31    36.45    27.61    19.01    16.20    22.05    12.80     6.05    25.31    11.25    15.31    22.05    19.01
 273.75     2.45     6.05     5.00     6.05     7.20     2.45     5.00     5.00     8.45     5.00     1.25     7.20     5.00     1.25     8.45     3.61     9.80    11.25    11.25    36.45    17.11    31.25    25.31    13.61    17.11    30.01    15.31    11.25    21.01     9.80    28.80
 276.25     9.80     3.61    12.80     7.20     3.61     9.80    12.80     3.61    15.31     7.20     3.61     3.61     9.80     6.05     5.00    13.61    12.80    11.25    11.25    25.31    30.01    17.11    17.11    21.01    28.80    13.61    13.61    15.31    30.01    33.80    13.61
 278.75     5.00     6.05     1.25     6.05     5.00     3.61     6.05     5.00     6.05     8.45    12.80     5.00     5.00     9.80     7.20    12.80    15.31    16.20    13.61    12.80    24.20    24.20    37.81    25.31    20.00    15.31    20.00    31.25    28.80    20.00    31.25
 281.25     3.61     8.45     3.61     3.61     3.61     6.05    12.80     5.00     7.20     3.61    16.20     8.45     6.05     9.80     5.00     9.80     9.80    24.20    30.01    28.80    31.25    25.31    17.11    27.61    25.31    17.11    25.31    21.01    24.20    17.11    16.20
 283.75     5.00     5.00     5.00    11.25     8.45     8.45     6.05     3.61    13.61     9.80     7.20     3.61     9.80    22.05    17.11     9.80    28.80    15.31    21.01    30.01    21.01    26.45    20.00    20.00     9.80    19.01    19.01    15.31    21.01    11.25     8.45
 286.25     2.45     2.45     2.45     2.45     3.61     5.00     3.61     9.80    12.80    12.80     9.80     2.45    13.61     7.20    12.80    17.11    19.01    19.01    32.51    11.25     9.80    20.00    24.20    17.11    13.61    22.05    19.01    25.31    11.25     9.80     9.80
 288.75     3.61     3.61     3.61     7.20     5.00    13.61     9.80     9.80     9.80    16.20    13.61     9.80     8.45    11.25    12.80     9.80    21.01    25.31    11.25    19.01    20.00     8.45     3.61     6.05    20.00    21.01    37.81     9.80     6.05     8.45     6.05
 291.25     2.45     7.20     3.61     3.61     6.05     5.00     9.80    13.61    24.20    28.80    16.20    12.80    15.31    16.20    17.11    15.31    26.45     6.05    19.01    19.01    12.80     8.45    12.80    21.01     8.45    11.25    21.01    24.20    12.80     9.80     7.20
 293.75     3.61     1.25     6.05     6.05     7.20    12.80     3.61    19.01    15.31    27.61    25.31    20.00     9.80    33.80    26.45    21.01     9.80    17.11     8.45    17.11    11.25     9.80    19.01    16.20    13.61    17.11    19.01    16.20     6.05     8.45     9.80
 296.25     3.61     3.61     3.61     7.20    12.80     5.00    19.01    24.20    30.01    27.61    30.01    26.45    26.45    24.20    22.05    32.51    24.20    12.80    13.61     8.45     6.05    13.61    19.01    16.20    11.25    36.45    22.05    13.61    11.25    21.01    12.80
 298.75     2.45     7.20     5.00     3.61     8.45     6.05    19.01    31.25    39.20    37.81    27.61    19.01    30.01    35.11    24.20     9.80    12.80    25.31    19.01    12.80    21.01    20.00    24.20    24.20    22.05    31.25    30.01    20.00    15.31    21.01    11.25
 301.25     2.45     0.00     6.05     7.20     6.05     7.20     9.80    26.45    43.51    46.51    33.80    46.51    19.01    12.80    20.00    17.11    15.31    31.25    21.01    31.25    40.61    27.61    32.51    36.45    28.80    22.05    16.20    21.01    32.51    26.45    27.61
 303.75     6.05     6.05     8.45     6.05     5.00     7.20    21.01    33.80    48.05    49.61    49.61    32.51    39.20    43.51    33.80    25.31     9.80    26.45    21.01    40.61    59.51   105.80   143.11   130.05   143.11   117.61    63.01    51.20    35.11    31.25    35.11
 306.25     2.45     5.00     7.20     6.05     5.00    22.05    22.05    31.25    42.05    59.51    40.61    36.45    54.45    63.01    12.80    13.61    11.25    25.31    30.01    68.45   151.25   224.45   446.51   684.45   672.80   336.20   137.81    74.11    42.05    39.20    33.80
 308.75     3.61     5.00     5.00     3.61     3.61    16.20    25.31    46.51    36.45    64.80    49.61    30.01    35.11    25.31    17.11    28.80    22.05    33.80    64.80   154.01   281.25   945.31  1960.20  2420.00  1479.20   750.31   259.20    94.61    39.20    36.45    20.00
 311.25     5.00     7.20     1.25     3.61     3.61    12.80    25.31    46.51    56.11    78.01    40.61    33.80    43.51    20.00    21.01    33.80    20.00    54.45    84.05   270.11   904.51  2904.05  4774.05  5072.11  2679.61  1110.05   266.45    61.25    24.20    25.31     3.61
 313.75     7.20     5.00     5.00     9.80    12.80    16.20    31.25    64.80    90.31    49.61    37.81    61.25    37.81    21.01    17.11     9.80    22.05    46.51   105.80   451.25  1786.05  4425.31  6462.01  4929.80  2464.20   756.45   115.20    52.81    22.05     7.20     8.45
 316.25     8.45     1.25     9.80     3.61    15.31    28.80    48.05    59.51    63.01    86.11    40.61    40.61    20.00    30.01    16.20    24.20    20.00    51.20   198.45   500.00  1711.25  2976.80  3906.01  2343.61   924.80   217.80    30.01    26.45    16.20     8.45     5.00
 318.75     6.05     3.61     5.00     5.00     5.00    13.61    45.00    82.01    59.51    61.25    54.45    28.80     8.45    15.31    28.80    15.31    36.45    63.01   180.00   546.01  1201.25  1638.05  1445.00   649.80   296.45    57.80    19.01    11.25    11.25     9.80     2.45
 321.25     5.00     7.20     5.00    11.25    12.80    24.20    49.61    45.00    48.05    64.80    54.45    32.51    13.61    20.00    15.31    20.00    32.51   117.61   214.51   348.61   572.45   567.11   352.80   156.80   103.51    22.05    15.31     6.05     6.05     6.05     6.05
 323.75     5.00     3.61     2.45    12.80     8.45    16.20    30.01    74.11    66.61    46.51    39.20     9.80    26.45    21.01    13.61    31.25    61.25   108.11   145.80   227.81   231.20   189.11   105.80    82.01    35.11    12.80     7.20    13.61     6.05     5.00     5.00
 326.25     2.45     6.05     6.05     6.05     8.45    22.05    40.61    57.80    78.01    57.80    32.51    27.61    26.45    24.20    36.45    39.20    63.01   135.20   130.05   137.81   140.45    90.31    35.11    27.61    15.31    16.20     9.80     9.80     3.61     5.00     5.00
 328.75     6.05     3.61     5.00     1.25     9.80    25.31    82.01    66.61    80.00    51.20    48.05    25.31    20.00    27.61    42.05   115.20   162.45   171.11   140.45    96.80    45.00    21.01    12.80    12.80    12.80    11.25     9.80     6.05     3.61     7.20     1.25
 331.25     3.61     8.45     8.45     5.00     9.80    22.05    46.51    74.11    56.11    66.61    32.51    40.61    28.80    26.45    40.61   162.45   238.05   151.25   117.61    66.61    27.61    22.05     6.05    11.25     7.20    16.20     8.45    13.61     7.20     9.80     5.00
 333.75     6.05     5.00     5.00     9.80     9.80    20.00    46.51    52.81    46.51    36.45    82.01    39.20    21.01    30.01    51.20   117.61   171.11   154.01    90.31    27.61    12.80    15.31    13.61     7.20     6.05     3.61     5.00     5.00     6.05     7.20     2.45
 336.25     1.25     5.00     5.00     5.00    12.80    20.00    39.20    64.80    48.05    56.11    61.25    46.51    42.05    43.51    57.80    99.01   259.20   117.61    42.05    17.11     7.20     8.45    13.61     5.00     6.05     8.45     7.20     3.61     6.05     7.20     6.05
 338.75     2.45     2.45     1.25     3.61    15.31    27.61    36.45    66.61    78.01    74.11    59.51    40.61    20.00    24.20    54.45   162.45   159.61   130.05    36.45    15.31    11.25     3.61     8.45     5.00     1.25     5.00     7.20     6.05     7.20     3.61     5.00
 341.25     7.20     8.45     2.45     5.00     8.45    27.61    28.80    54.45    86.11   115.20    72.20    40.61    28.80    61.25    56.11    84.05   122.51    68.45    27.61    15.31     7.20     5.00     9.80     1.25     2.45     8.45     9.80     5.00     8.45     9.80     6.05
 343.75     5.00     8.45     3.61     8.45     5.00    26.45    37.81    68.45    88.20    88.20    57.80    30.01    11.25    37.81    36.45    59.51    51.20    26.45    16.20     8.45     7.20     3.61     5.00     3.61     6.05     2.45     8.45    11.25    11.25     3.61     5.00
 346.25     5.00     6.05     7.20     6.05    11.25    21.01    31.25    59.51    82.01   110.45    59.51    33.80    16.20    30.01    25.31    48.05    25.31    35.11    28.80     7.20     8.45     3.61     5.00    12.80     5.00     7.20     5.00     8.45     3.61     7.20    12.80
 348.75     2.45     5.00     1.25     6.05     5.00    25.31    42.05    68.45   140.45   105.80    59.51    21.01    11.25    13.61    32.51    33.80    33.80    33.80    16.20    22.05     7.20     5.00     5.00    15.31     3.61     8.45     7.20     3.61     5.00    16.20    11.25
 351.25     2.45     2.45    11.25     5.00     7.20    21.01    46.51    63.01    92.45    88.20    30.01    27.61    15.31    16.20    19.01    30.01    21.01    19.01    16.20    13.61     2.45     9.80     7.20     3.61    12.80     3.61     6.05     7.20     9.80     6.05     8.45
 353.75     6.05     6.05     2.45     7.20    11.25    12.80    42.05    39.20   108.11    96.80    57.80    16.20    12.80    12.80    26.45    27.61    24.20    35.11    22.05    11.25     0.00     3.61     3.61     2.45     9.80     6.05     3.61     5.00     9.80     3.61    15.31
 356.25     5.00     3.61     5.00    11.25    11.25     8.45    30.01    49.61    99.01    92.45    56.11    13.61    26.45    19.01    15.31    30.01    24.20    31.25    22.05     8.45     9.80     7.20     3.61     5.00     8.45     3.61     9.80     9.80     6.05     9.80     8.45
 358.75     3.61     7.20     2.45     7.20    13.61    17.11    37.81    66.61    78.01    90.31    42.05    19.01    11.25    16.20    16.20    27.61    28.80    25.31    31.25     8.45     9.80     6.05    12.80     3.61     8.45     9.80     7.20    22.05     8.45     9.80    15.31
