File:		X:\David\Freiberg\NiR700-220\XpertData\n70220c.rw1
Sample:	DG-NiWR-700°C/1h
Created:	21-Jul-2006 23:20
Type:		Raw pole figure
Origin:	Exported by X'Pert SW; hkl:2 2 0        

Goniometer radius (mm):	320
Sample stage:			Other
Receiving slit (mm):		1.00
Divergence slit (mm):	0.00
Distance focus mask (mm):	145
X-ray tube anode:	Unknown
Tube focus:		Generator (kV):	
Generator (kV):	40
Generator (mA):	40
Wavelength (A):	1.5406

	 Start    End   Step
Psi:	  0.00  75.00   2.50
Phi:	  0.00 360.00   2.50

hkl:			2 2 0

2Theta (°):		75.8910
Time per step (s):	0.80
Sample oscillation (mm):	0

Phi\Psi     0.00     2.50     5.00     7.50    10.00    12.50    15.00    17.50    20.00    22.50    25.00    27.50    30.00    32.50    35.00    37.50    40.00    42.50    45.00    47.50    50.00    52.50    55.00    57.50    60.00    62.50    65.00    67.50    70.00    72.50    75.00
   1.25    16.20    16.20     5.00     8.45     8.45     3.61    17.11     5.00     1.25     7.20     1.25     0.00     3.61     9.80     6.05    28.80   189.11   787.51  1776.61  1280.00   369.80    57.80    16.20     7.20     5.00     2.45     5.00     2.45     6.05     5.00     3.61
   3.75     8.45    17.11    11.25     8.45     8.45    15.31     6.05     8.45     7.20     6.05     1.25     3.61     1.25     5.00     5.00    28.80   140.45   638.45  1080.45   768.80   227.81    57.80    13.61     9.80     8.45     2.45     6.05     6.05     2.45     6.05     5.00
   6.25     6.05     5.00     5.00     2.45     6.05     9.80     7.20     6.05     6.05     0.00     2.45     3.61     1.25     7.20     5.00    24.20    78.01   304.20   561.80   361.25   159.61    48.05    26.45    12.80     6.05     6.05    11.25     3.61    11.25     6.05     7.20
   8.75     6.05     8.45     3.61     7.20    11.25     7.20     8.45     7.20     6.05     2.45     0.00     0.00     3.61     6.05     6.05    19.01    33.80   105.80   252.05   217.80    80.00    59.51    26.45    11.25     9.80     9.80     1.25     8.45     8.45    17.11     9.80
  11.25     8.45     5.00     8.45     8.45     8.45     5.00    13.61     9.80     2.45     2.45     0.00     2.45     1.25     6.05     7.20    13.61    33.80    70.31   125.00    90.31    66.61    35.11    16.20     9.80     9.80     9.80     3.61     8.45     8.45    21.01    11.25
  13.75     7.20     5.00     9.80     8.45    12.80    15.31     7.20     7.20    16.20     5.00     2.45     5.00     6.05     0.00     6.05     7.20    16.20    30.01    82.01    61.25    48.05    16.20    12.80    12.80     5.00     3.61     5.00     8.45     7.20    11.25    15.31
  16.25     8.45     6.05    12.80    16.20    12.80    15.31     9.80    12.80     5.00     2.45     5.00     1.25     1.25     5.00     3.61     2.45     9.80    12.80    26.45    37.81    49.61    28.80    12.80    11.25     9.80     7.20     3.61     7.20     5.00     8.45     6.05
  18.75     5.00     2.45     9.80    13.61     5.00    13.61    13.61    15.31     9.80     3.61     3.61     6.05     1.25     2.45     1.25     2.45     3.61    11.25    27.61    33.80    35.11    26.45    13.61    21.01     6.05     3.61     3.61     3.61     1.25     3.61     5.00
  21.25     7.20     7.20    24.20     8.45    16.20    24.20    19.01    13.61     5.00     6.05     6.05     9.80     3.61     1.25     2.45     3.61     1.25     8.45     7.20    37.81    48.05    33.80    24.20    12.80     6.05     7.20     2.45     2.45     5.00     3.61     6.05
  23.75     9.80     8.45    13.61    19.01    27.61    22.05    16.20    15.31    11.25     8.45     3.61     3.61     5.00     1.25     2.45     1.25     6.05     7.20    20.00    19.01    28.80    33.80    20.00    12.80     8.45     6.05     0.00     5.00     5.00     3.61     8.45
  26.25     5.00     6.05     5.00    12.80    28.80    19.01    17.11    19.01    12.80     6.05     5.00     1.25     1.25     1.25     7.20     2.45     6.05     6.05     9.80    19.01    26.45    19.01    20.00     9.80    15.31     2.45     3.61     0.00     3.61     3.61     3.61
  28.75     7.20     8.45     5.00    13.61    32.51    12.80    19.01     9.80    11.25     9.80     5.00     3.61     8.45     1.25     2.45     2.45     2.45     3.61     9.80     9.80    13.61     5.00    12.80     8.45    17.11    11.25     3.61     1.25     0.00     1.25     0.00
  31.25     5.00     2.45    11.25    12.80    49.61     9.80    13.61    19.01    13.61    11.25     7.20     3.61     3.61     3.61     2.45     1.25     0.00     3.61     2.45     7.20    11.25     5.00     5.00     5.00     5.00     5.00    12.80     9.80     5.00     7.20     2.45
  33.75     8.45     3.61     9.80     8.45    20.00     9.80    20.00    25.31    17.11    11.25     7.20    12.80     7.20     5.00     2.45     3.61     6.05     2.45     3.61     2.45     7.20    12.80    12.80     9.80    13.61     3.61     5.00     9.80     8.45     5.00     0.00
  36.25    20.00     6.05    12.80     8.45    13.61    28.80    33.80    36.45    30.01     9.80     6.05     8.45     2.45     2.45     7.20     2.45     5.00     2.45     6.05     5.00     8.45     7.20     3.61     7.20     1.25     3.61     9.80    11.25    15.31    15.31     5.00
  38.75    13.61     3.61    11.25     7.20    26.45    22.05    31.25    28.80    37.81    11.25     5.00     5.00     3.61    11.25     2.45     0.00     1.25     1.25     7.20     7.20    11.25     2.45     5.00     9.80     3.61     2.45     9.80     7.20    15.31    21.01    16.20
  41.25     9.80     6.05     7.20    13.61    15.31    28.80    36.45    33.80    31.25    15.31     6.05     2.45     8.45     8.45     5.00     3.61     3.61     3.61     2.45     2.45     2.45     5.00     6.05     2.45     5.00     8.45    12.80    12.80    11.25    11.25     9.80
  43.75     0.00     5.00     6.05    11.25    13.61    33.80    43.51    37.81    30.01    33.80    11.25     8.45     0.00     7.20     3.61     2.45     1.25     2.45     7.20     6.05     3.61     5.00     3.61     2.45     6.05     6.05     7.20     5.00    11.25     8.45     6.05
  46.25     6.05     8.45     9.80    11.25     9.80    32.51    45.00    39.20    35.11    35.11    28.80    12.80     3.61     3.61     5.00     1.25     5.00     3.61     7.20     5.00     2.45     6.05     6.05     5.00     6.05     1.25     1.25     2.45     2.45     6.05     1.25
  48.75     6.05     6.05     8.45    12.80    13.61    19.01    54.45    48.05    45.00    24.20    22.05    13.61    12.80     5.00     2.45     5.00     7.20     3.61     0.00     3.61     5.00     2.45     8.45     1.25     1.25     2.45     0.00     2.45     0.00     1.25     5.00
  51.25    13.61    11.25     7.20    12.80    24.20    30.01    49.61    48.05    52.81    32.51    16.20    13.61     6.05     6.05     3.61     6.05     2.45     1.25     6.05     8.45     1.25     2.45     6.05     5.00     1.25     5.00     0.00     3.61     5.00     6.05     8.45
  53.75     7.20    22.05    22.05     8.45    25.31    22.05    30.01    59.51    80.00    54.45    27.61     2.45    13.61     8.45     7.20     6.05     5.00     7.20     5.00     3.61     5.00     6.05     3.61     3.61     3.61     1.25     3.61     6.05     0.00     3.61     2.45
  56.25     5.00     7.20     9.80    20.00    22.05    13.61    40.61    59.51    52.81    45.00    32.51    27.61     7.20    17.11     8.45     5.00     1.25     2.45     3.61     0.00     3.61     0.00     1.25     1.25     8.45     0.00     2.45     5.00     1.25     1.25     5.00
  58.75     3.61     6.05     6.05     8.45     7.20    51.20    54.45    42.05    68.45    46.51    48.05    21.01    24.20    16.20     5.00     7.20     9.80     1.25     5.00     2.45     3.61     2.45     3.61     5.00     2.45     3.61     5.00     2.45     3.61     1.25     7.20
  61.25     5.00     9.80     8.45     7.20    30.01    36.45    28.80    46.51    66.61    56.11    46.51    19.01    12.80    26.45    17.11     9.80     7.20     5.00     7.20     6.05     3.61     6.05     2.45     3.61     3.61     2.45     1.25     0.00     3.61     7.20     3.61
  63.75     7.20     7.20     2.45    16.20    15.31    39.20    36.45    40.61    40.61    54.45    39.20    25.31    12.80    19.01     6.05    13.61    11.25     8.45     3.61     3.61     6.05     7.20     7.20     5.00     3.61     2.45     2.45     2.45     6.05     9.80     6.05
  66.25     3.61     9.80     3.61    21.01    21.01    37.81    39.20    54.45    54.45    54.45    35.11    21.01    17.11    26.45    25.31     7.20    15.31    21.01    16.20     8.45     7.20     2.45     3.61     2.45     7.20     2.45     3.61     3.61     1.25     5.00     1.25
  68.75     7.20     7.20     9.80    21.01    15.31    17.11    39.20    54.45    51.20    35.11    27.61    19.01    17.11    15.31    11.25     3.61    26.45    20.00    19.01     9.80     7.20     7.20     2.45     5.00     3.61     1.25     3.61     2.45     2.45     1.25     5.00
  71.25    11.25     5.00     7.20     9.80    17.11    24.20    32.51    46.51    40.61    45.00    40.61    33.80    11.25     7.20     7.20    24.20    25.31    30.01    22.05     9.80    13.61    11.25     9.80     6.05     5.00     1.25     3.61     3.61     3.61     7.20    12.80
  73.75     3.61     6.05     2.45    11.25    33.80    15.31    45.00    63.01    48.05    70.31    19.01    28.80    20.00    20.00    24.20    22.05    40.61    24.20    30.01    19.01    13.61     5.00     5.00     6.05     5.00     5.00     3.61     1.25    12.80     8.45    13.61
  76.25     5.00     8.45     8.45    15.31    24.20    28.80    31.25    40.61    40.61    32.51    20.00    31.25    31.25    20.00    15.31    37.81    54.45    49.61    36.45    21.01     8.45     2.45     5.00     2.45     2.45     9.80     2.45     5.00     5.00     3.61     9.80
  78.75     5.00     9.80     7.20     6.05    11.25    31.25    42.05    57.80    32.51    30.01    35.11    25.31    40.61    33.80    31.25    37.81    76.05    49.61    64.80    20.00    17.11     6.05     7.20     5.00     7.20     0.00     1.25     5.00     2.45     1.25     8.45
  81.25    11.25     2.45     6.05     5.00    15.31     9.80    33.80    40.61    68.45    48.05    37.81    36.45    27.61    35.11    22.05    78.01   122.51   135.20   125.00   132.61    51.20    42.05    17.11     6.05     7.20     6.05     9.80     1.25     2.45     1.25     5.00
  83.75     8.45    11.25    11.25    11.25    17.11    19.01    48.05    63.01    51.20    33.80    30.01    37.81    28.80    63.01    80.00   189.11   382.81   470.45   530.45   396.05   221.11    86.11    66.61    13.61     9.80     3.61     6.05    11.25     2.45     7.20     3.61
  86.25    11.25     9.80     2.45    11.25     8.45    27.61    59.51    43.51    43.51    45.00    43.51    59.51    66.61    48.05    84.05   227.81   610.51  1140.05  1344.80  1288.01   825.61   288.80   101.25    39.20    17.11    12.80     7.20    13.61     9.80    12.80     5.00
  88.75     9.80     3.61    11.25    11.25    19.01    24.20    27.61    59.51    82.01    64.80    42.05    31.25    27.61    59.51   108.11   285.01   864.61  1428.05  2000.00  1602.05  1147.61   414.05   162.45    59.51    21.01    15.31    11.25    12.80     8.45     7.20    15.31
  91.25     9.80     5.00     2.45     6.05    11.25    21.01    57.80   162.45    80.00    46.51    24.20    26.45    35.11    82.01   117.61   292.61   632.81  1232.45  1377.80  1170.45   904.51   374.11   108.11    48.05    15.31     9.80     8.45     2.45     5.00     5.00     2.45
  93.75     5.00     8.45    15.31    13.61     8.45    22.05    59.51    32.51    54.45    43.51    25.31    37.81    20.00    54.45    76.05   262.81   320.00   627.20   787.51   556.51   414.05   162.45    52.81    36.45    19.01    13.61    11.25     6.05     8.45     3.61     2.45
  96.25     7.20     9.80     3.61     8.45    15.31    13.61    25.31    45.00    52.81    27.61    43.51    20.00    24.20    32.51    48.05    80.00   148.51   156.80   180.00   174.05    96.80    48.05    17.11    19.01    12.80     5.00     6.05     6.05     1.25     0.00     2.45
  98.75     3.61     3.61     5.00    11.25    11.25    26.45    42.05    45.00    48.05    24.20    21.01    13.61    30.01    19.01    51.20    48.05    90.31    68.45    63.01    63.01    21.01    13.61    15.31     5.00     1.25     5.00     1.25     5.00     2.45     6.05     3.61
 101.25     2.45     3.61     6.05     5.00     8.45    27.61    39.20    37.81    35.11    26.45    25.31    24.20     5.00    13.61    21.01    26.45    26.45    52.81    42.05    30.01     8.45     8.45     3.61     3.61     2.45     2.45     3.61     2.45     5.00     6.05     9.80
 103.75    11.25     7.20    17.11     6.05     6.05    13.61    33.80    48.05    40.61    26.45    13.61    19.01     9.80    12.80    12.80    32.51    37.81    28.80    13.61    12.80    12.80     8.45     3.61     6.05     0.00     3.61     5.00     3.61     9.80     6.05     6.05
 106.25     7.20     8.45     6.05     9.80    16.20    15.31    32.51    28.80    35.11    36.45    33.80    20.00    25.31     5.00    17.11    36.45    35.11    31.25    40.61    13.61    12.80    13.61     3.61     7.20     3.61     1.25     5.00     3.61     5.00     9.80     8.45
 108.75    15.31     2.45     6.05    17.11    11.25    28.80    76.05    20.00    37.81    54.45    39.20    19.01     9.80    11.25    12.80    26.45    21.01    22.05    20.00    21.01     7.20     8.45     1.25     3.61     6.05     2.45     5.00     2.45     9.80     5.00     0.00
 111.25     9.80     5.00     9.80     8.45    27.61    17.11    32.51    48.05    37.81    40.61    30.01    31.25    24.20    11.25    19.01    15.31    17.11    12.80    13.61     3.61     3.61     7.20     0.00     3.61     3.61     3.61     5.00     1.25     1.25     5.00     5.00
 113.75    12.80    12.80     3.61     7.20    33.80    22.05    13.61    39.20    63.01    43.51    39.20    16.20    15.31     8.45    11.25    15.31    11.25     5.00    11.25     6.05     7.20     5.00     3.61     0.00     3.61     0.00     2.45     3.61     1.25     2.45     7.20
 116.25    11.25    13.61     7.20     8.45     3.61    15.31    22.05    45.00    54.45    59.51    39.20    13.61    32.51    11.25    12.80     7.20    11.25     9.80     8.45     1.25     5.00     1.25     0.00     3.61     5.00     3.61     2.45     6.05     0.00     2.45     2.45
 118.75     5.00     8.45     7.20     5.00    15.31    24.20    28.80    35.11    76.05    70.31    33.80    19.01    11.25     9.80    15.31    11.25     6.05     2.45     1.25     3.61     3.61     2.45     0.00     0.00     3.61     2.45     5.00     0.00     3.61     5.00     6.05
 121.25     3.61     7.20     3.61    11.25     6.05    30.01    20.00    43.51    59.51    51.20    21.01    30.01    17.11     8.45    11.25    16.20     9.80     1.25     3.61     1.25     3.61     6.05     2.45     2.45     2.45     2.45     1.25     9.80     2.45     3.61     1.25
 123.75     5.00     6.05     3.61    11.25     6.05    28.80    15.31    63.01    48.05    51.20    24.20    16.20    21.01    11.25     6.05     6.05     5.00     3.61     3.61     2.45     7.20     2.45     5.00     1.25     1.25     2.45     3.61     5.00     2.45     5.00     0.00
 126.25     6.05     3.61     1.25     9.80     8.45    16.20    32.51    39.20    54.45    40.61    40.61    20.00     7.20     8.45     9.80     8.45     2.45     7.20     1.25     1.25     5.00     2.45     1.25     1.25     0.00     1.25     7.20     3.61     3.61     2.45     3.61
 128.75     8.45     6.05     9.80     2.45     5.00    19.01    35.11    46.51    46.51    46.51    33.80    26.45    20.00     7.20     5.00     5.00     2.45     3.61     1.25     5.00     2.45     3.61     1.25     5.00     0.00     5.00     3.61     3.61     3.61     8.45     8.45
 131.25     2.45     8.45     1.25     9.80    15.31    21.01    22.05    49.61    49.61    28.80    21.01    13.61     6.05     6.05     7.20     2.45     8.45     6.05     2.45     3.61     0.00     1.25     3.61     1.25     2.45     6.05     6.05     7.20     8.45     6.05     5.00
 133.75     1.25     6.05     2.45     6.05     9.80    28.80    35.11    39.20    45.00    40.61    25.31    12.80     7.20     9.80     2.45     3.61     0.00     5.00     1.25     2.45     2.45     3.61     2.45     5.00     8.45    15.31     8.45    11.25     3.61    11.25    16.20
 136.25     2.45     7.20     7.20     9.80     9.80    17.11    39.20    37.81    39.20    30.01     9.80    11.25     1.25     7.20     3.61     2.45     5.00     0.00     6.05     1.25     1.25     1.25     7.20     5.00     6.05     9.80    11.25     8.45    11.25    17.11    13.61
 138.75     8.45     8.45     8.45     8.45    17.11    22.05    32.51    37.81    33.80    21.01     6.05     7.20     8.45     8.45     7.20     3.61     3.61     2.45     3.61     5.00     1.25     5.00     7.20     6.05     3.61     7.20     3.61    13.61     8.45    12.80     6.05
 141.25     3.61     7.20     9.80     3.61     7.20    21.01    28.80    21.01    16.20    25.31    21.01     7.20     8.45     5.00     3.61     0.00     5.00     5.00     7.20     6.05     2.45     3.61    11.25     6.05     5.00     9.80     6.05     9.80     7.20    17.11     2.45
 143.75     8.45     2.45     5.00     3.61    11.25    13.61    30.01    22.05    13.61     9.80     5.00     5.00     3.61     6.05     7.20     6.05     3.61     6.05     2.45     5.00    11.25     1.25     6.05     3.61     5.00     7.20    11.25     9.80     7.20     3.61     5.00
 146.25     6.05     7.20     2.45     9.80    11.25    24.20    28.80    32.51    21.01    13.61     8.45     6.05     5.00     7.20     7.20     5.00     3.61     5.00     0.00     7.20     9.80    20.00    12.80     8.45    11.25     8.45     5.00     3.61     6.05     2.45     3.61
 148.75    11.25     8.45     2.45     8.45     5.00    13.61    16.20    20.00    35.11    12.80     7.20     5.00     3.61     1.25     9.80     1.25     1.25     2.45     6.05     3.61    20.00    13.61    16.20    12.80     3.61     6.05     8.45     2.45     3.61     3.61     6.05
 151.25     6.05     6.05     2.45     6.05    11.25    42.05    16.20    19.01    13.61    13.61     3.61     3.61     6.05     5.00     3.61     5.00     3.61     3.61    11.25    15.31    16.20    13.61    20.00     9.80     5.00     2.45     2.45     2.45     3.61     1.25     5.00
 153.75     2.45    11.25     7.20     3.61    16.20    13.61    22.05    19.01    12.80     8.45     5.00     2.45     6.05     1.25     7.20     5.00     6.05     5.00     6.05    11.25    21.01    33.80    52.81    11.25     5.00     7.20     1.25     1.25     3.61     3.61     6.05
 156.25     8.45     5.00     3.61     5.00     8.45    20.00     9.80    25.31     9.80     5.00     5.00     1.25     2.45     2.45     2.45     2.45    12.80     5.00     3.61    15.31    33.80    42.05    16.20    12.80     9.80     7.20     5.00     2.45     2.45     2.45     3.61
 158.75    11.25     2.45     3.61    13.61     3.61    15.31    19.01     7.20     7.20     7.20     7.20     5.00     1.25     1.25     3.61     2.45     3.61    13.61     6.05    30.01    39.20    26.45    36.45     7.20     6.05     6.05     2.45     3.61     2.45     5.00     8.45
 161.25     8.45     6.05     8.45     7.20     8.45    12.80    20.00    13.61     5.00     8.45     5.00     2.45     2.45     5.00     2.45     6.05     2.45     8.45    20.00    40.61    31.25    37.81    16.20     8.45     5.00     1.25     3.61     2.45     5.00     5.00    15.31
 163.75     7.20     2.45     9.80     9.80     7.20    19.01    15.31     9.80     2.45     5.00     3.61     3.61     2.45     2.45     1.25     8.45    11.25    20.00    39.20    54.45    54.45    45.00    15.31     7.20     2.45     2.45     6.05     5.00     1.25    13.61    17.11
 166.25     5.00     6.05     6.05     5.00    11.25    16.20    13.61    15.31     7.20     5.00     5.00     1.25     6.05     5.00     5.00     7.20    19.01    57.80   110.45   115.20    64.80    49.61    27.61    16.20     2.45     6.05     3.61     5.00     7.20    11.25     7.20
 168.75    22.05     7.20     3.61    17.11    15.31     6.05    11.25    12.80    15.31     6.05     3.61     2.45     3.61     1.25     1.25     2.45    25.31    54.45   241.51   320.00   120.05    46.51    21.01     9.80     6.05     2.45     9.80     9.80     9.80    17.11     9.80
 171.25     5.00     3.61     3.61     8.45     6.05    19.01     8.45     5.00     9.80     6.05     6.05     3.61     1.25     5.00     3.61     5.00    46.51   145.80   500.00   632.81   245.00   105.80    27.61    11.25     3.61     6.05     7.20     7.20     8.45     9.80     7.20
 173.75     6.05     2.45     2.45     3.61     8.45     9.80     8.45     0.00     2.45     2.45     5.00     0.00     2.45     1.25     5.00    15.31    66.61   308.11  1001.11  1320.31   515.11   122.51    22.05    15.31     0.00     2.45     2.45     0.00    17.11     8.45     6.05
 176.25     9.80     6.05     1.25     2.45     6.05    13.61     5.00     8.45     3.61     3.61     5.00     1.25     3.61     2.45     7.20    11.25    88.20   460.80  1522.51  2030.11   938.45   221.11    35.11     7.20     5.00     2.45     1.25     8.45     3.61     6.05     5.00
 178.75    17.11     7.20     0.00     9.80    13.61     6.05    15.31     6.05     5.00     8.45     1.25     5.00     1.25     5.00     7.20    19.01    82.01   577.81  1692.80  2343.61   884.45   151.25    31.25    12.80     5.00     5.00     9.80     5.00     2.45     7.20     6.05
 181.25    11.25     7.20     8.45     9.80     8.45     8.45     8.45     7.20     8.45     2.45     6.05     1.25     3.61     3.61     2.45    13.61    86.11   470.45  1638.05  1950.31   762.61   132.61    43.51    16.20     2.45     2.45     1.25     3.61     5.00     9.80     5.00
 183.75     7.20     3.61     3.61     3.61     8.45    19.01    11.25    11.25     3.61     5.00     1.25     2.45     2.45     2.45     3.61    26.45    45.00   357.01   812.81   918.01   432.45   143.11    33.80    19.01     6.05     3.61     3.61     1.25     6.05     6.05     7.20
 186.25     5.00     2.45     0.00    12.80     7.20    11.25    15.31     9.80    12.80     3.61     6.05     6.05     5.00     3.61     1.25     5.00    42.05   162.45   423.20   525.31   241.51    63.01    35.11    26.45     5.00     3.61     3.61     9.80     6.05    11.25     1.25
 188.75     5.00     7.20     8.45     6.05    17.11    12.80     9.80     5.00     6.05     3.61     2.45     3.61     3.61     0.00     5.00     3.61    31.25    54.45   154.01   183.01   192.20    64.80    30.01    26.45    15.31     2.45     5.00     2.45    13.61    13.61    12.80
 191.25     6.05     9.80     3.61     7.20     5.00    11.25    13.61     5.00     7.20     5.00     5.00     3.61     1.25     3.61     5.00     5.00     9.80    36.45    96.80   135.20    82.01    37.81    26.45    13.61     8.45     2.45     3.61     5.00     7.20    13.61    11.25
 193.75     9.80     8.45    11.25     3.61     9.80     6.05    12.80    17.11     2.45     2.45     2.45     1.25     1.25     6.05     3.61     5.00     6.05     9.80    45.00    51.20    20.00    25.31    12.80     8.45    11.25     1.25     3.61     7.20    12.80     6.05    15.31
 196.25    15.31     2.45     6.05     9.80    22.05    15.31    11.25    11.25     8.45     2.45     5.00     2.45     5.00     3.61     2.45     3.61     2.45    12.80    15.31    31.25    22.05    11.25    15.31    17.11     7.20     5.00     0.00     3.61     5.00     6.05     5.00
 198.75     2.45     6.05    13.61     7.20     5.00    11.25    13.61     9.80     8.45     3.61     5.00     6.05     3.61     0.00     2.45     5.00     9.80     6.05     7.20    25.31    20.00    28.80    17.11    13.61     3.61     6.05     5.00     3.61     2.45     2.45     2.45
 201.25     5.00    11.25     2.45     6.05     5.00     5.00    21.01    13.61    12.80     7.20     8.45     5.00     3.61     1.25     0.00     3.61     6.05     9.80     8.45    12.80    48.05    36.45    22.05     8.45    11.25     6.05     2.45     5.00     3.61     0.00     2.45
 203.75     3.61     7.20     2.45     6.05    15.31    11.25    20.00    15.31    12.80     7.20     6.05     7.20     1.25     3.61     3.61     5.00     6.05     6.05     3.61    17.11    21.01    17.11    22.05     7.20     7.20     7.20     5.00     5.00     2.45     3.61     7.20
 206.25     6.05     6.05     2.45     2.45    11.25    11.25    17.11    19.01    13.61     7.20     2.45     3.61     1.25     1.25     7.20     3.61    11.25     2.45     3.61     7.20    11.25    28.80    30.01     6.05     6.05     5.00     2.45     1.25     1.25     5.00     2.45
 208.75     1.25     8.45     5.00     6.05     6.05    19.01    24.20    20.00    17.11     3.61     2.45     5.00     3.61     0.00     2.45     3.61     5.00     5.00     0.00    19.01     8.45     8.45     8.45     6.05     6.05     3.61     5.00     3.61     3.61     2.45     5.00
 211.25     6.05     3.61    11.25     5.00    20.00    12.80    21.01    31.25    25.31    15.31     7.20     7.20     5.00     2.45     6.05     3.61     2.45     5.00     5.00     8.45    13.61    13.61     9.80     3.61     6.05     5.00     2.45     9.80     6.05     0.00     5.00
 213.75     7.20     8.45     6.05    11.25     5.00    12.80    21.01    28.80    32.51    11.25     6.05     7.20     5.00     1.25     2.45     1.25     5.00     6.05     5.00     1.25     6.05     8.45     5.00     5.00     1.25     7.20     8.45     8.45     2.45     5.00     2.45
 216.25     7.20    13.61     2.45    12.80     8.45    12.80    32.51    31.25    22.05    24.20     7.20     8.45     3.61     6.05     3.61     5.00     3.61     2.45     3.61     1.25     3.61     8.45     2.45     3.61     2.45     6.05     3.61     8.45    11.25     8.45     2.45
 218.75     8.45    17.11     3.61     5.00     6.05    11.25    21.01    45.00    31.25    22.05    11.25     7.20     8.45     5.00     6.05     1.25     6.05     3.61     1.25     1.25     2.45     5.00     6.05     0.00     7.20     7.20     1.25     8.45    11.25    24.20     8.45
 221.25    11.25     2.45     7.20     6.05    11.25    15.31    31.25    32.51    32.51    30.01    25.31     9.80     6.05     3.61     5.00     2.45     1.25     2.45     0.00     8.45     2.45     2.45     3.61     6.05     5.00     8.45     6.05     3.61    20.00    12.80    26.45
 223.75     2.45     3.61     6.05    11.25    12.80     9.80    19.01    33.80    42.05    36.45    40.61    16.20    12.80    12.80     5.00     7.20     1.25     3.61     3.61     3.61     9.80     3.61     3.61     7.20     8.45     6.05     7.20     9.80     2.45    11.25     8.45
 226.25     7.20     6.05     6.05     5.00     9.80    25.31    30.01    59.51    43.51    31.25    36.45    12.80    15.31     9.80    11.25     5.00     2.45     6.05     3.61     6.05     6.05     3.61     1.25     3.61     3.61     3.61     5.00     2.45     3.61     6.05     9.80
 228.75    11.25     5.00     7.20     3.61     8.45    32.51    28.80    45.00    46.51    32.51    17.11    28.80    13.61    16.20     8.45     6.05     2.45     6.05     5.00     2.45     7.20     6.05     5.00     2.45     2.45     1.25     3.61     3.61     5.00     2.45     5.00
 231.25    15.31     5.00     5.00     3.61     5.00    22.05    20.00    35.11    61.25    43.51    22.05    12.80    15.31    13.61     3.61     6.05     6.05     5.00     1.25    11.25     2.45     0.00     2.45     5.00     5.00     3.61     3.61     6.05     3.61     2.45     3.61
 233.75    16.20    11.25     5.00     3.61    11.25    19.01    30.01    45.00    42.05    40.61    19.01    28.80    25.31    12.80     5.00     6.05     9.80     1.25     2.45     0.00     7.20     6.05     1.25     3.61     2.45     1.25     6.05     2.45     5.00     5.00     6.05
 236.25     7.20     3.61     1.25    11.25     5.00    24.20    16.20    70.31    46.51    63.01    48.05    21.01    20.00    16.20     9.80     8.45     5.00     6.05     2.45     2.45     3.61     2.45     3.61     3.61     5.00     2.45     1.25     2.45     3.61     3.61     2.45
 238.75     5.00     5.00     7.20    12.80     6.05    16.20    35.11    32.51    63.01    59.51    42.05    28.80    11.25    11.25     8.45     6.05     3.61     5.00     5.00     3.61     2.45     7.20     2.45     5.00     1.25     5.00     3.61     0.00     2.45     7.20     6.05
 241.25     8.45     5.00     3.61     5.00    20.00     7.20    22.05    21.01    40.61    51.20    30.01    48.05    22.05    12.80     9.80     6.05     9.80     5.00     6.05     7.20     8.45     5.00     2.45     3.61     2.45     1.25     5.00     2.45     0.00     3.61     1.25
 243.75     6.05     7.20     2.45     6.05    17.11    19.01    20.00    35.11    59.51    45.00    40.61    25.31     6.05    12.80    15.31    15.31     8.45    12.80     5.00     5.00     7.20     3.61     5.00     2.45     2.45     6.05     2.45     2.45     2.45     0.00     3.61
 246.25     2.45     9.80     2.45     8.45    11.25    17.11    24.20    30.01    48.05    42.05    31.25    26.45    27.61    20.00    15.31     9.80    19.01    13.61     3.61    15.31     7.20     6.05     7.20     3.61     3.61     2.45     3.61     1.25     8.45     2.45     0.00
 248.75     3.61    11.25     3.61     6.05     9.80    20.00    21.01    39.20    39.20    56.11    24.20    17.11    11.25    17.11     9.80    12.80    27.61    33.80    24.20    19.01    11.25     5.00     9.80     2.45     5.00     6.05     2.45     1.25     3.61     3.61     3.61
 251.25    15.31     7.20     7.20     7.20     6.05    20.00    43.51    33.80    33.80    35.11    43.51     9.80     7.20    13.61     9.80    19.01    42.05    25.31    31.25    21.01    12.80    12.80     6.05     5.00     5.00     1.25     2.45     5.00     1.25     8.45     8.45
 253.75     6.05     3.61     3.61    20.00    24.20    17.11    37.81    45.00    24.20    39.20    20.00    33.80     5.00    17.11    19.01    22.05    42.05    37.81    32.51    12.80    21.01    15.31     3.61     7.20     7.20     1.25     7.20     2.45     7.20    15.31     7.20
 256.25     6.05     5.00    12.80    11.25     6.05    15.31    26.45    39.20    36.45    21.01    24.20    30.01    16.20    16.20    21.01    48.05    39.20    59.51    54.45    33.80    12.80    12.80     7.20    15.31     1.25     1.25     2.45     5.00     5.00     1.25     6.05
 258.75     1.25     3.61     5.00     7.20     9.80    13.61    48.05    37.81    40.61    48.05    45.00    11.25    37.81    26.45    27.61    54.45    84.05   110.45    68.45    66.61    36.45    24.20    27.61     9.80     1.25     2.45     6.05     8.45     2.45     6.05     2.45
 261.25     6.05     8.45     6.05     6.05    15.31    17.11    35.11    54.45    51.20    32.51    33.80    31.25    25.31    36.45    48.05    99.01   151.25   288.80   273.80   231.20   145.80   105.80    40.61    16.20     5.00     8.45     2.45     8.45     5.00     3.61     2.45
 263.75     8.45     7.20     7.20     3.61    15.31    24.20    40.61    74.11    96.80    27.61    54.45    51.20    30.01    52.81    92.45   156.80   437.11   877.81   918.01   812.81   525.31   255.61    99.01    48.05     5.00     9.80    15.31     7.20    11.25     5.00     2.45
 266.25    12.80     7.20     0.00     1.25    12.80    40.61    40.61    54.45    88.20    59.51    33.80    42.05    59.51    82.01    99.01   277.51   678.61  1264.05  1611.01  1548.80  1102.61   427.81   208.01    61.25    24.20    15.31    20.00    21.01     9.80     8.45     5.00
 268.75     7.20     3.61    12.80     9.80    11.25    20.00    31.25    66.61    59.51    92.45    70.31    88.20    49.61    49.61   151.25   304.20   732.05  1436.51  1920.80  1767.20  1162.81   610.51   198.45    63.01    27.61    11.25    13.61     5.00    15.31     6.05     7.20
 271.25    12.80     7.20    12.80    12.80    12.80    27.61    30.01    54.45   127.51    59.51    35.11    43.51    31.25    52.81    88.20   224.45   312.05   945.31   938.45  1065.80   546.01   277.51    94.61    31.25    26.45     5.00     8.45     7.20     7.20     9.80     9.80
 273.75     6.05     7.20     3.61    15.31    21.01    31.25    70.31    54.45    56.11    48.05    31.25    43.51    40.61    37.81    70.31   130.05   204.80   374.11   324.01   300.31   168.20    63.01    42.05    15.31     6.05     3.61     3.61     1.25     2.45     3.61     6.05
 276.25     6.05    11.25     7.20     6.05    13.61    17.11    37.81    59.51    46.51    26.45    43.51    27.61    61.25    26.45    54.45    70.31    88.20   140.45   122.51    78.01    40.61    20.00     9.80    16.20     6.05     3.61     5.00     7.20     3.61     9.80     1.25
 278.75     8.45     9.80     3.61     7.20    16.20    31.25    35.11    40.61    52.81    32.51    21.01    27.61    25.31    15.31    19.01    40.61    54.45    54.45    37.81    37.81     5.00     7.20     2.45     2.45     3.61     0.00     3.61     5.00     1.25     2.45     3.61
 281.25     6.05     6.05     2.45     8.45    15.31    15.31    28.80    48.05    48.05    40.61    25.31    27.61    19.01    15.31    24.20    20.00    46.51    39.20    33.80    25.31    13.61     9.80     3.61     3.61     7.20     7.20     5.00     9.80     7.20     5.00     7.20
 283.75     5.00     5.00     8.45     6.05    20.00    24.20    25.31    27.61    48.05    48.05    39.20    33.80     8.45    11.25    15.31    32.51    22.05    27.61    24.20    12.80     5.00    11.25     6.05     1.25     1.25     2.45     2.45     5.00     5.00     7.20    16.20
 286.25     9.80     3.61     7.20     8.45    17.11    16.20    35.11    40.61    56.11    40.61    54.45    11.25     9.80    24.20     9.80    31.25    26.45    28.80     7.20    25.31    13.61     8.45     2.45     3.61     3.61     1.25     5.00     9.80     3.61     9.80     6.05
 288.75     7.20     2.45     8.45     5.00    22.05    31.25    27.61    66.61    48.05    59.51    35.11    12.80    16.20    25.31    19.01     5.00    16.20    20.00     7.20     7.20    12.80     6.05     5.00     2.45     2.45     2.45     5.00     5.00     7.20     2.45     1.25
 291.25     6.05    11.25     7.20     9.80     9.80    21.01    45.00    56.11    78.01    36.45    40.61    24.20    19.01    11.25     8.45    25.31    15.31    12.80    15.31    12.80     3.61     5.00     3.61     1.25     2.45     1.25     5.00     3.61     5.00     2.45     2.45
 293.75    11.25    13.61     2.45    12.80     8.45    28.80    27.61    48.05    59.51    40.61    40.61    20.00    20.00     9.80    20.00     6.05    12.80     6.05     6.05     3.61     5.00     2.45     3.61     3.61     1.25     2.45     6.05     5.00     7.20     2.45     1.25
 296.25     6.05     6.05    16.20     8.45    22.05    25.31    36.45    33.80    54.45    40.61    46.51    26.45    15.31     9.80    13.61     6.05     3.61     1.25     5.00     2.45     7.20     2.45     6.05     1.25     1.25     2.45     1.25     9.80     2.45     3.61     0.00
 298.75    20.00     7.20    17.11     7.20    11.25    21.01    37.81    48.05    66.61    40.61    48.05    26.45    12.80     0.00     7.20    15.31     0.00     3.61     3.61     0.00     1.25     0.00     2.45     3.61     3.61     5.00     3.61     1.25     5.00     2.45     2.45
 301.25     7.20     8.45    12.80    19.01    15.31    27.61    48.05    31.25    43.51    31.25    31.25     9.80    12.80    30.01    12.80     8.45     3.61     1.25     2.45     2.45     3.61     7.20     7.20     6.05     6.05     0.00     2.45     3.61     5.00     3.61     1.25
 303.75     5.00     8.45     2.45    12.80     9.80    27.61    35.11    40.61    46.51    48.05    22.05    13.61    15.31    11.25    11.25     5.00     5.00     5.00     3.61     2.45     1.25     2.45     5.00     3.61     3.61     3.61     2.45     7.20     1.25     1.25     6.05
 306.25     6.05     2.45     6.05    26.45    22.05    28.80    35.11    54.45    33.80    27.61    25.31     5.00     6.05     6.05     3.61     7.20     3.61     6.05     3.61     2.45     2.45     3.61     3.61     6.05     0.00     2.45     2.45     1.25     1.25     0.00     1.25
 308.75     5.00     6.05    11.25    35.11    19.01    27.61    32.51    90.31    46.51    37.81    24.20    11.25     3.61     8.45     3.61     7.20     3.61     5.00     6.05     5.00     5.00     5.00     3.61     5.00     6.05     8.45     2.45     8.45     3.61     6.05     2.45
 311.25     7.20     5.00     2.45    21.01    35.11    28.80    48.05    54.45    27.61    25.31    26.45    17.11    11.25     1.25     5.00     5.00     1.25     3.61     5.00     2.45     6.05     6.05     1.25     8.45     3.61     3.61     1.25     3.61     7.20     3.61     3.61
 313.75     5.00     8.45    11.25    12.80    13.61    36.45    42.05    37.81    31.25    17.11    17.11    17.11    11.25     3.61     1.25     7.20     6.05     1.25     2.45     5.00     7.20     1.25     2.45     3.61     1.25     5.00    16.20     7.20     8.45    12.80     8.45
 316.25     8.45     2.45     3.61    11.25    20.00     9.80    42.05    33.80    32.51    19.01    11.25    13.61     3.61     5.00     1.25     2.45     6.05     0.00     6.05     5.00     6.05     9.80     5.00     1.25     5.00     5.00     5.00     8.45     9.80    15.31     6.05
 318.75     3.61     8.45    19.01     5.00    21.01    26.45    24.20    27.61    22.05    15.31     5.00     9.80     6.05     0.00     6.05     1.25     3.61     2.45     5.00     5.00     3.61     1.25    16.20     1.25     7.20     9.80     5.00    16.20    17.11    16.20     8.45
 321.25     9.80     5.00    28.80     7.20    28.80    31.25    26.45    27.61    11.25     9.80     6.05     0.00     9.80     6.05     2.45     5.00     6.05     5.00     2.45     5.00     3.61     7.20     3.61     7.20     6.05     3.61     1.25     7.20    11.25    15.31    11.25
 323.75     9.80     2.45     1.25     9.80     9.80    22.05    24.20    17.11     9.80    11.25     1.25     6.05     6.05     1.25     2.45     6.05     6.05     1.25     5.00     1.25     2.45     7.20     5.00    11.25    12.80    11.25     3.61     7.20     8.45     6.05     1.25
 326.25     5.00     6.05     9.80    15.31    13.61    22.05    17.11    19.01    16.20     6.05     1.25     9.80     1.25     3.61     5.00     1.25     2.45     5.00     9.80    20.00    12.80     8.45     9.80    11.25     3.61     6.05     6.05     2.45     6.05     2.45     2.45
 328.75     8.45     7.20     3.61    30.01    12.80    17.11    15.31    24.20     8.45     7.20     6.05     8.45     0.00     0.00     3.61     3.61     2.45     5.00     7.20     7.20    22.05    21.01     9.80     9.80    12.80     9.80     3.61     6.05     2.45     7.20     2.45
 331.25    12.80     8.45     2.45     3.61    30.01    12.80    17.11    11.25     9.80     2.45     1.25     6.05     1.25     0.00     3.61     3.61     5.00     7.20    12.80    17.11    22.05    32.51     9.80    16.20     6.05    16.20     6.05     2.45     5.00     8.45     5.00
 333.75     8.45     9.80     7.20     6.05    17.11     8.45    19.01    12.80     8.45     9.80     7.20     8.45     1.25     1.25     2.45     3.61     1.25     9.80    12.80    15.31    27.61    33.80     9.80    13.61     6.05     3.61     2.45     2.45     6.05     2.45     5.00
 336.25     3.61     8.45     8.45    11.25     9.80     5.00     8.45    13.61     7.20     3.61     5.00     3.61     1.25     2.45     2.45     3.61     6.05     3.61     8.45    20.00    66.61    35.11    17.11     2.45     6.05     5.00     5.00     3.61     2.45     5.00     2.45
 338.75     1.25    15.31     8.45    13.61     9.80    12.80    17.11     8.45     6.05     5.00     0.00     2.45     5.00     2.45     2.45     3.61    13.61     8.45    15.31    30.01    59.51    32.51    15.31     9.80     3.61     5.00     2.45     3.61     5.00    11.25     9.80
 341.25     7.20     6.05     2.45    24.20    16.20    20.00    19.01     7.20     2.45     3.61     2.45     2.45     1.25     0.00     3.61    13.61     8.45    24.20    32.51    45.00    32.51    15.31    15.31    11.25     2.45     8.45     3.61     2.45     6.05     9.80     9.80
 343.75     1.25     5.00     3.61    17.11     0.00     8.45     5.00     6.05     5.00     7.20     1.25     0.00     5.00     3.61     5.00     3.61    17.11    26.45    74.11    32.51    26.45    20.00    12.80    15.31     5.00     1.25     3.61     8.45     9.80    13.61     8.45
 346.25     8.45     8.45     5.00    12.80    12.80     8.45    22.05     8.45     3.61     3.61     5.00     1.25     2.45     2.45     2.45    11.25    45.00    72.20   154.01   162.45    48.05    40.61    15.31     7.20     6.05     3.61     5.00     5.00     9.80    20.00     5.00
 348.75    13.61     8.45     7.20    11.25     9.80    11.25    11.25     8.45     8.45     2.45     1.25     2.45     3.61     5.00     5.00    15.31    63.01   186.05   423.20   277.51    92.45    52.81    27.61    20.00     8.45     5.00     6.05     5.00    12.80    13.61     7.20
 351.25     1.25     9.80     5.00    12.80     8.45    21.01     8.45     6.05     2.45     5.00     0.00     5.00     2.45     2.45     5.00    19.01   108.11   348.61   667.01   456.01   165.31    52.81    16.20    11.25     3.61     2.45     1.25    11.25     7.20     6.05     2.45
 353.75     7.20    16.20     3.61     7.20     8.45    15.31     7.20     5.00     1.25     2.45     3.61     5.00     2.45     3.61     6.05    27.61   174.05   696.20  1436.51  1044.01   324.01    54.45    20.00     5.00     2.45     3.61     8.45     7.20     1.25     3.61     5.00
 356.25     2.45     9.80     5.00     7.20    16.20    11.25    13.61     8.45     5.00     2.45     2.45     0.00     3.61     5.00     3.61    28.80   204.80   897.80  2020.05  1531.25   400.51    88.20    21.01     3.61     9.80     5.00     5.00     7.20     6.05     6.05     3.61
 358.75     2.45    15.31     3.61     1.25    13.61     5.00     2.45    11.25     2.45     6.05     5.00     2.45     2.45     7.20    13.61    35.11   221.11  1058.51  2387.11  1692.80   500.00    84.05    12.80     5.00     3.61     3.61     3.61     7.20     6.05     6.05     5.00
