    1   1   0  -1   0      4.2556       6.0184      2522.77       6         0.6594    3.9565      0.4061
    2   0   1  -1   1      3.3439       4.7289      1993.21       6         2.0133   12.0798      0.4727
    3   1   0  -1   1      3.3439       4.7289      1993.21       6         5.1413   30.8477      1.2070
    4   1   1  -2   0      2.4570       3.4747      1478.11       6         2.5747   15.4485      0.1762
    5   0   1  -1   2      2.2817       3.2268      1376.28       6         0.3529    2.1175      0.0180
    6   1   0  -1   2      2.2817       3.2268      1376.28       6         3.3830   20.2979      0.1722
    7   1   1  -2   1      2.2368       3.1633      1350.23      12         1.6260   19.5122      0.1529
    8   2   0  -2   0      2.1278       3.0092      1286.93       6         0.0893    0.5357      0.0034
    9   0   2  -2   1      1.9800       2.8001      1201.05       6         4.2109   25.2651      0.1215
   10   2   0  -2   1      1.9800       2.8001      1201.05       6         0.4769    2.8612      0.0138
   11   1   1  -2   2      1.8181       2.5712      1107.05      12         3.6237   43.4846      0.1487
   12   0   0   0   3      1.8020       2.5484      1097.69       2         0.8337    1.6674      0.0055
   13   0   2  -2   2      1.6719       2.3645      1022.14       6         0.8260    4.9562      0.0121
   14   2   0  -2   2      1.6719       2.3645      1022.14       6         4.9853   29.9117      0.0732
   15   0   1  -1   3      1.6594       2.3467      1014.85       6         0.9816    5.8893      0.0140
   16   1   0  -1   3      1.6594       2.3467      1014.85       6         1.6637    9.9823      0.0237
   17   2   1  -3   0      1.6085       2.2747       985.29      12         1.4548   17.4570      0.0366
   18   1   2  -3   1      1.5417       2.1803       946.50      12         0.7293    8.7512      0.0155
   19   2   1  -3   1      1.5417       2.1803       946.50      12         4.0655   48.7860      0.0863
   20   1   1  -2   3      1.4531       2.0550       895.04      12         1.4470   17.3639      0.0242
   21   3   0  -3   0      1.4185       2.0061       874.98       6         0.8437    5.0620      0.0064
   22   1   2  -3   2      1.3823       1.9548       853.90      12         2.0189   24.2263      0.0277
   23   2   1  -3   2      1.3823       1.9548       853.90      12         1.8089   21.7066      0.0248
   24   0   2  -2   3      1.3751       1.9447       849.76       6        10.5172   63.1035      0.0706
   25   2   0  -2   3      1.3751       1.9447       849.76       6         0.0844    0.5061      0.0006
   26   0   3  -3   1      1.3721       1.9404       848.00       6         1.3868    8.3209      0.0092
   27   3   0  -3   1      1.3721       1.9404       848.00       6         6.8646   41.1877      0.0457
   28   1   0  -1   4      1.2881       1.8217       799.21       6         0.0813    0.4877      0.0004
   29   0   1  -1   4      1.2881       1.8217       799.21       6         5.3962   32.3775      0.0279
   30   0   3  -3   2      1.2561       1.7764       780.62       6         2.4958   14.9746      0.0117
   31   3   0  -3   2      1.2561       1.7764       780.62       6         4.3054   25.8327      0.0201
   32   2   2  -4   0      1.2285       1.7374       764.60       6         2.7352   16.4112      0.0117
   33   1   2  -3   3      1.2000       1.6970       748.03      12         7.1072   85.2864      0.0553
   34   2   1  -3   3      1.2000       1.6970       748.03      12         1.5656   18.7872      0.0122
   35   2   2  -4   1      1.1980       1.6942       746.86      12         1.4726   17.6714      0.0114
   36   1   1  -2   4      1.1842       1.6747       738.85      12         5.1492   61.7902      0.0380
   37   3   1  -4   0      1.1803       1.6692       736.60      12         5.9449   71.3391      0.0433
   38   1   3  -4   1      1.1531       1.6308       720.83      12         0.3227    3.8727      0.0021
   39   3   1  -4   1      1.1531       1.6308       720.83      12         5.1190   61.4283      0.0340
   40   0   2  -2   4      1.1408       1.6134       713.68       6         1.7280   10.3678      0.0055
   41   2   0  -2   4      1.1408       1.6134       713.68       6         0.9957    5.9743      0.0032
   42   2   2  -4   2      1.1184       1.5817       700.65      12         2.3447   28.1365      0.0138
   43   0   3  -3   3      1.1146       1.5763       698.46       6         1.7023   10.2138      0.0049
   44   3   0  -3   3      1.1146       1.5763       698.46       6         2.3073   13.8439      0.0067
   45   1   3  -4   2      1.0817       1.5297       679.32      12         3.8115   45.7375      0.0196
   46   3   1  -4   2      1.0817       1.5297       679.32      12         6.2001   74.4016      0.0319
   47   4   0  -4   0      1.0639       1.5046       669.00       6         0.1789    1.0735      0.0004
   48   1   0  -1   5      1.0479       1.4820       659.71       6         9.9539   59.7235      0.0225
   49   0   1  -1   5      1.0479       1.4820       659.71       6         0.0202    0.1210      0.0000
   50   0   4  -4   1      1.0439       1.4763       657.37       6         8.8099   52.8593      0.0196
   51   4   0  -4   1      1.0439       1.4763       657.37       6         0.1367    0.8200      0.0003
   52   1   2  -3   4      1.0347       1.4633       652.06      12         1.9570   23.4842      0.0084
   53   2   1  -3   4      1.0347       1.4633       652.06      12         1.9739   23.6869      0.0085
   54   2   2  -4   3      1.0151       1.4355       640.63      12         1.3477   16.1720      0.0054
   55   0   4  -4   2      0.9900       1.4001       626.07       6         0.0539    0.3234      0.0001
   56   4   0  -4   2      0.9900       1.4001       626.07       6         0.6901    4.1406      0.0012
   57   1   1  -2   5      0.9896       1.3995       625.85      12         2.6819   32.1822      0.0097
   58   1   3  -4   3      0.9874       1.3963       624.54      12         0.7591    9.1094      0.0027
   59   3   1  -4   3      0.9874       1.3963       624.54      12         0.0075    0.0896      0.0000
   60   3   0  -3   4      0.9785       1.3838       619.40       6         1.1578    6.9465      0.0020
   61   0   3  -3   4      0.9785       1.3838       619.40       6         0.4239    2.5432      0.0007
   62   3   2  -5   0      0.9763       1.3807       618.13      12         5.6010   67.2119      0.0191
   63   0   2  -2   5      0.9639       1.3632       610.92       6         1.1102    6.6615      0.0018
   64   2   0  -2   5      0.9639       1.3632       610.92       6         0.0485    0.2913      0.0001
   65   2   3  -5   1      0.9608       1.3587       609.10      12         0.2173    2.6078      0.0007
   66   3   2  -5   1      0.9608       1.3587       609.10      12         2.2677   27.2125      0.0073
   67   4   1  -5   0      0.9287       1.3133       590.45      12         0.7128    8.5537      0.0020
   68   2   3  -5   2      0.9182       1.2986       584.40      12         0.3739    4.4865      0.0010
   69   3   2  -5   2      0.9182       1.2986       584.40      12         0.3413    4.0952      0.0009
   70   0   4  -4   3      0.9162       1.2956       583.18       6         4.2338   25.4027      0.0056
   71   4   0  -4   3      0.9162       1.2956       583.18       6         0.5886    3.5318      0.0008
   72   1   4  -5   1      0.9153       1.2944       582.66      12         3.3116   39.7395      0.0087
   73   4   1  -5   1      0.9153       1.2944       582.66      12         0.3801    4.5608      0.0010
   74   2   2  -4   4      0.9091       1.2856       579.07      12         3.6273   43.5281      0.0093
   75   0   0   0   6      0.9010       1.2742       574.38       2         0.2767    0.5534      0.0001
   76   2   1  -3   5      0.8973       1.2690       572.25      12         1.3354   16.0245      0.0033
   77   1   2  -3   5      0.8973       1.2690       572.25      12         2.1180   25.4159      0.0052
   78   1   3  -4   4      0.8890       1.2572       567.42      12         1.5027   18.0325      0.0035
   79   3   1  -4   4      0.8890       1.2572       567.42      12         0.4865    5.8374      0.0011
   80   0   1  -1   6      0.8815       1.2466       563.04       6         3.0634   18.3806      0.0035
   81   1   0  -1   6      0.8815       1.2466       563.04       6         1.2386    7.4314      0.0014
   82   1   4  -5   2      0.8783       1.2421       561.18      12         1.1321   13.5852      0.0025
   83   4   1  -5   2      0.8783       1.2421       561.18      12         0.4447    5.3363      0.0010