CALCITE                                                                         
CALCITE                                                                         
TRIGO
D3CA
CALCITE 
        3.420408981555733        3.420408981555733        2.094395102393195
           3
104 
110 
202 
       80.000000000000000
       80.000000000000000
       80.000000000000000
           3
TRICL
        5.000000000000000        5.000000000000000
        5.000000000000000        5.000000000000000        5.000000000000000
